7643
2130 7710
2131 7708
2132 7706
2133 7704
2134 7702
2135 7700
2136 7698
2137 7696
2138 7694
2139 7692
2140 7690
2141 7688
2142 7686
2143 7684
2144 7682
2145 7680
2146 7678
2147 7676
2148 7674
2149 7672
2150 7670
2151 7668
2152 7666
2153 7664
2154 7662
2155 7660
2156 7658
2157 7656
2158 7654
2159 7652
2160 7650
2161 7648
2162 7646
2163 7644
2164 7642
2165 7640
2166 7638
2167 7636
2168 7634
2169 7632
2170 7630
2171 7628
2172 7626
2173 7624
2174 7622
2175 7620
2176 7618
2177 7616
2178 7614
2179 7612
2180 7610
2181 7608
2182 7606
2184 7605
2185 7605
2186 7605
2187 7605
2188 7605
2190 7604
2191 7602
2192 7600
2193 7598
2194 7596
2195 7594
2196 7592
2197 7590
2198 7588
2199 7586
2200 7584
2201 7582
2202 7580
2203 7578
2204 7576
2205 7574
2206 7572
2207 7570
2208 7568
2209 7566
2210 7564
2211 7562
2212 7560
2213 7558
2214 7556
2215 7554
2216 7552
2217 7550
2218 7548
2219 7546
2220 7544
2221 7542
2222 7540
2223 7538
2224 7536
2225 7534
2226 7532
2227 7530
2228 7528
2229 7526
2230 7524
2231 7522
2232 7520
2233 7518
2234 7516
2235 7514
2236 7512
2237 7510
2238 7508
2239 7506
2240 7504
2241 7502
2242 7500
2243 7498
2244 7496
2245 7494
2246 7492
2247 7490
2248 7488
2249 7486
2250 7484
2251 7482
2252 7480
2253 7478
2254 7476
2255 7474
2256 7472
2257 7470
2258 7468
2259 7466
2260 7464
2261 7462
2262 7460
2263 7458
2264 7456
2265 7454
2266 7452
2267 7450
2268 7448
2269 7446
2270 7444
2271 7442
2272 7440
2273 7438
2274 7436
2275 7434
2276 7432
2277 7430
2277 7429
2277 7428
2277 7427
2276 7425
2275 7423
2275 7422
2274 7420
2274 7419
2273 7417
2273 7416
2272 7414
2272 7413
2271 7411
2271 7410
2270 7408
2270 7407
2269 7405
2269 7404
2268 7402
2267 7400
2268 7398
2269 7396
2270 7394
2271 7392
2272 7390
2273 7388
2274 7386
2275 7384
2276 7382
2277 7380
2278 7378
2279 7376
2280 7374
2281 7372
2282 7370
2283 7368
2284 7366
2285 7364
2286 7362
2287 7360
2288 7358
2289 7356
2290 7354
2291 7352
2292 7350
2293 7348
2294 7346
2295 7344
2296 7342
2297 7340
2298 7338
2299 7336
2300 7334
2301 7332
2302 7330
2303 7328
2304 7326
2305 7324
2306 7322
2307 7320
2308 7318
2309 7316
2310 7314
2311 7312
2312 7310
2313 7308
2314 7306
2315 7304
2316 7302
2317 7300
2318 7298
2319 7296
2320 7294
2321 7292
2322 7290
2323 7288
2324 7286
2325 7284
2326 7282
2327 7280
2328 7278
2329 7276
2330 7274
2331 7272
2332 7270
2333 7268
2334 7266
2335 7264
2336 7262
2337 7260
2338 7258
2339 7256
2340 7254
2341 7252
2342 7250
2343 7248
2344 7246
2345 7244
2346 7242
2347 7240
2348 7238
2349 7236
2350 7234
2351 7232
2352 7230
2353 7228
2354 7226
2355 7224
2356 7222
2357 7220
2358 7218
2359 7216
2360 7214
2361 7212
2362 7210
2363 7208
2364 7206
2365 7204
2366 7202
2367 7200
2368 7198
2369 7196
2370 7194
2371 7192
2372 7190
2373 7188
2374 7186
2375 7184
2376 7182
2377 7180
2378 7178
2379 7176
2380 7174
2381 7172
2382 7170
2383 7168
2384 7166
2385 7164
2386 7162
2387 7160
2388 7158
2389 7156
2390 7154
2391 7152
2392 7150
2393 7148
2394 7146
2395 7144
2396 7142
2397 7140
2398 7138
2399 7136
2400 7134
2401 7132
2402 7130
2403 7128
2404 7126
2405 7124
2406 7122
2407 7120
2408 7118
2409 7116
2410 7114
2411 7112
2412 7110
2413 7108
2414 7106
2415 7104
2416 7102
2417 7100
2418 7098
2419 7096
2420 7094
2421 7092
2422 7090
2423 7088
2424 7086
2425 7084
2426 7082
2427 7080
2429 7079
2431 7078
2432 7078
2433 7078
2435 7077
2436 7077
2437 7077
2439 7076
2440 7076
2441 7076
2443 7075
2444 7075
2445 7075
2446 7075
2448 7074
2449 7074
2450 7074
2452 7073
2453 7073
2454 7073
2456 7072
2457 7072
2458 7072
2460 7071
2461 7071
2462 7071
2463 7071
2465 7070
2466 7068
2467 7066
2468 7064
2469 7062
2470 7060
2471 7058
2472 7056
2473 7054
2474 7052
2475 7050
2476 7048
2477 7046
2478 7044
2479 7042
2480 7040
2481 7038
2482 7036
2483 7034
2484 7032
2485 7030
2486 7028
2487 7026
2488 7024
2489 7022
2490 7020
2491 7018
2492 7016
2493 7014
2494 7012
2495 7010
2496 7008
2497 7006
2498 7004
2499 7002
2500 7000
2501 6998
2502 6996
2503 6994
2504 6992
2505 6990
2506 6988
2507 6986
2508 6984
2509 6982
2510 6980
2511 6978
2512 6976
2513 6974
2514 6972
2515 6970
2516 6968
2517 6966
2518 6964
2519 6962
2520 6960
2521 6958
2522 6956
2523 6954
2524 6952
2525 6950
2526 6948
2527 6946
2528 6944
2529 6942
2530 6940
2531 6938
2532 6936
2533 6934
2534 6932
2535 6930
2536 6928
2537 6926
2538 6924
2539 6922
2540 6920
2541 6918
2543 6917
2545 6916
2546 6916
2547 6916
2549 6915
2550 6915
2551 6915
2553 6914
2554 6914
2555 6914
2557 6913
2559 6912
2560 6910
2561 6908
2562 6906
2563 6904
2564 6902
2565 6900
2566 6898
2567 6896
2568 6894
2569 6892
2570 6890
2571 6888
2572 6886
2573 6884
2574 6882
2575 6880
2576 6878
2577 6876
2578 6874
2579 6872
2580 6870
2581 6868
2582 6866
2583 6864
2584 6862
2585 6860
2586 6858
2587 6856
2588 6854
2589 6852
2590 6850
2591 6848
2592 6846
2593 6844
2594 6842
2595 6840
2596 6838
2597 6836
2598 6834
2599 6832
2600 6830
2601 6828
2602 6826
2603 6824
2604 6822
2605 6820
2606 6818
2607 6816
2608 6814
2609 6812
2610 6810
2611 6808
2612 6806
2613 6804
2614 6802
2615 6800
2616 6798
2617 6796
2618 6794
2619 6792
2620 6790
2621 6788
2622 6786
2623 6784
2624 6782
2625 6780
2626 6778
2627 6776
2628 6774
2629 6772
2630 6770
2631 6768
2632 6766
2633 6764
2634 6762
2635 6760
2636 6758
2637 6756
2638 6754
2639 6752
2640 6750
2641 6748
2642 6746
2643 6744
2644 6742
2645 6740
2646 6738
2647 6736
2648 6734
2649 6732
2650 6730
2651 6728
2652 6726
2653 6724
2654 6722
2655 6720
2656 6718
2657 6716
2658 6714
2659 6712
2660 6710
2661 6708
2662 6706
2663 6706
2665 6705
2667 6704
2668 6704
2670 6703
2672 6702
2673 6702
2675 6701
2677 6700
2678 6700
2680 6699
2682 6698
2683 6698
2685 6697
2687 6696
2689 6695
2690 6695
2692 6694
2694 6693
2695 6693
2697 6692
2699 6691
2700 6691
2702 6690
2704 6689
2705 6689
2707 6688
2709 6687
2710 6687
2712 6686
2714 6685
2715 6685
2717 6684
2719 6683
2720 6683
2722 6682
2724 6681
2725 6681
2727 6680
2729 6679
2731 6678
2732 6678
2734 6677
2736 6676
2737 6676
2739 6675
2741 6674
2742 6674
2744 6673
2746 6672
2747 6672
2749 6671
2751 6670
2752 6670
2754 6669
2756 6668
2757 6668
2759 6667
2761 6666
2762 6666
2764 6665
2766 6664
2768 6663
2769 6663
2771 6662
2773 6661
2774 6661
2776 6660
2778 6659
2779 6659
2781 6658
2783 6657
2784 6657
2786 6656
2788 6655
2789 6655
2791 6654
2793 6653
2794 6653
2796 6652
2798 6651
2799 6651
2801 6650
2803 6649
2804 6649
2806 6648
2807 6646
2808 6644
2809 6642
2810 6640
2811 6638
2812 6636
2813 6634
2814 6632
2815 6630
2816 6628
2817 6626
2818 6624
2819 6622
2820 6620
2821 6618
2822 6616
2823 6614
2824 6612
2825 6610
2826 6608
2827 6606
2828 6604
2829 6602
2830 6600
2831 6598
2832 6596
2833 6594
2834 6592
2835 6590
2836 6588
2837 6586
2838 6584
2839 6582
2840 6580
2841 6578
2842 6576
2843 6574
2844 6572
2845 6570
2846 6568
2847 6566
2848 6564
2849 6562
2850 6560
2851 6558
2852 6556
2853 6554
2854 6552
2855 6550
2856 6548
2857 6546
2858 6544
2859 6542
2860 6540
2861 6538
2862 6536
2863 6534
2864 6532
2865 6530
2866 6528
2867 6526
2868 6524
2869 6522
2870 6520
2871 6518
2872 6516
2873 6514
2874 6512
2875 6510
2876 6508
2877 6506
2878 6504
2879 6502
2880 6500
2881 6498
2882 6496
2883 6494
2884 6492
2885 6490
2886 6488
2887 6486
2888 6484
2889 6482
2890 6480
2891 6478
2892 6476
2893 6474
2894 6472
2895 6470
2896 6468
2897 6466
2898 6464
2899 6462
2900 6460
2901 6458
2902 6456
2903 6454
2904 6452
2905 6450
2906 6448
2907 6446
2908 6444
2909 6442
2910 6440
2911 6438
2912 6436
2913 6434
2914 6432
2916 6431
2918 6430
2919 6430
2920 6430
2922 6429
2923 6429
2924 6429
2926 6428
2927 6428
2928 6428
2930 6427
2931 6427
2932 6427
2934 6426
2935 6426
2936 6426
2938 6425
2939 6425
2940 6425
2941 6425
2942 6425
2943 6425
2945 6424
2946 6422
2947 6420
2948 6418
2949 6416
2950 6414
2951 6412
2952 6410
2953 6408
2954 6406
2955 6404
2956 6402
2957 6400
2958 6398
2959 6396
2960 6394
2961 6392
2962 6390
2963 6388
2964 6386
2965 6384
2966 6382
2967 6380
2968 6378
2969 6376
2970 6374
2971 6372
2972 6370
2973 6368
2974 6366
2975 6364
2976 6362
2977 6360
2978 6358
2979 6356
2980 6354
2981 6352
2982 6350
2983 6348
2984 6346
2985 6344
2986 6342
2987 6340
2988 6338
2989 6336
2990 6334
2991 6332
2992 6330
2993 6328
2994 6326
2995 6324
2996 6322
2997 6320
2998 6318
2999 6316
3000 6314
3001 6312
3002 6310
3003 6308
3004 6306
3005 6304
3006 6302
3007 6300
3008 6298
3009 6296
3010 6294
3011 6292
3012 6290
3013 6288
3014 6286
3015 6284
3016 6282
3017 6280
3018 6278
3019 6276
3020 6274
3021 6272
3022 6270
3023 6268
3024 6266
3025 6264
3026 6262
3027 6260
3028 6258
3029 6256
3030 6254
3031 6252
3032 6250
3033 6248
3034 6246
3035 6244
3036 6242
3037 6240
3038 6238
3039 6236
3040 6234
3041 6232
3042 6230
3043 6228
3044 6226
3045 6224
3046 6222
3047 6220
3048 6218
3049 6216
3050 6214
3051 6212
3052 6210
3053 6208
3054 6206
3055 6204
3056 6202
3057 6200
3058 6198
3059 6196
3060 6194
3061 6192
3062 6190
3063 6188
3064 6186
3065 6184
3066 6182
3067 6180
3068 6178
3069 6176
3070 6174
3071 6172
3072 6170
3073 6168
3074 6166
3075 6164
3076 6162
3077 6160
3078 6158
3079 6156
3080 6154
3081 6152
3082 6150
3083 6148
3084 6146
3085 6144
3086 6142
3087 6140
3088 6138
3089 6136
3090 6134
3091 6132
3092 6130
3093 6128
3094 6126
3095 6124
3096 6122
3097 6120
3098 6118
3099 6116
3100 6114
3101 6112
3102 6110
3103 6108
3104 6106
3105 6104
3106 6102
3107 6100
3108 6098
3109 6096
3110 6094
3111 6092
3112 6090
3113 6088
3114 6086
3115 6084
3116 6082
3117 6080
3118 6078
3119 6076
3120 6074
3121 6072
3122 6070
3123 6068
3124 6066
3125 6064
3126 6062
3127 6060
3128 6058
3129 6056
3130 6054
3131 6052
3132 6050
3133 6048
3134 6046
3135 6044
3136 6042
3137 6040
3138 6038
3139 6036
3140 6034
3141 6032
3142 6030
3143 6028
3144 6026
3145 6024
3146 6022
3147 6020
3148 6018
3149 6016
3150 6014
3151 6012
3152 6010
3153 6008
3154 6006
3155 6004
3156 6002
3157 6000
3158 5998
3159 5996
3160 5994
3161 5992
3162 5990
3163 5988
3164 5986
3165 5984
3166 5982
3167 5980
3168 5978
3169 5976
3170 5974
3171 5972
3172 5970
3173 5968
3174 5966
3175 5964
3176 5962
3177 5960
3178 5958
3179 5956
3180 5954
3181 5952
3182 5950
3183 5948
3184 5946
3185 5944
3186 5942
3187 5940
3188 5938
3189 5936
3190 5934
3191 5932
3192 5930
3193 5928
3194 5926
3195 5924
3196 5922
3197 5920
3198 5918
3199 5916
3200 5914
3201 5912
3202 5910
3203 5908
3204 5906
3205 5904
3206 5902
3207 5900
3208 5898
3209 5896
3210 5894
3210 5893
3210 5892
3210 5891
3209 5889
3208 5887
3207 5885
3206 5883
3207 5881
3208 5879
3209 5877
3210 5875
3211 5873
3212 5871
3213 5869
3214 5867
3215 5865
3216 5863
3217 5861
3218 5859
3219 5857
3220 5855
3221 5853
3222 5851
3223 5849
3224 5847
3225 5845
3226 5843
3227 5841
3228 5839
3229 5837
3230 5835
3231 5833
3232 5831
3233 5829
3234 5827
3235 5825
3236 5823
3237 5821
3238 5819
3239 5817
3240 5815
3241 5813
3242 5811
3243 5809
3244 5807
3245 5805
3246 5803
3247 5801
3248 5799
3249 5797
3250 5795
3251 5793
3252 5791
3253 5789
3255 5788
3257 5787
3258 5787
3259 5787
3261 5786
3262 5786
3263 5786
3265 5785
3266 5783
3268 5782
3269 5780
3270 5778
3271 5776
3273 5775
3274 5773
3275 5771
3277 5770
3278 5768
3279 5766
3280 5764
3282 5763
3283 5761
3284 5759
3286 5758
3287 5756
3288 5754
3289 5752
3291 5751
3292 5749
3293 5747
3294 5745
3295 5743
3296 5741
3297 5739
3298 5737
3300 5736
3302 5735
3303 5735
3304 5735
3306 5734
3307 5732
3308 5730
3309 5728
3310 5726
3311 5724
3312 5722
3313 5720
3314 5718
3315 5716
3316 5714
3317 5712
3318 5710
3319 5708
3320 5706
3321 5704
3322 5702
3323 5700
3323 5699
3323 5698
3323 5697
3322 5695
3321 5693
3321 5692
3320 5690
3320 5689
3319 5687
3319 5686
3318 5684
3318 5683
3317 5681
3318 5679
3319 5677
3320 5675
3321 5673
3322 5671
3323 5669
3324 5667
3325 5665
3326 5663
3327 5661
3328 5659
3329 5657
3330 5655
3331 5653
3332 5651
3333 5649
3334 5647
3335 5645
3336 5643
3337 5641
3338 5639
3339 5637
3340 5635
3341 5633
3342 5631
3343 5629
3344 5627
3345 5625
3346 5623
3347 5621
3348 5619
3349 5617
3350 5615
3351 5613
3352 5611
3353 5609
3354 5607
3355 5605
3356 5603
3357 5601
3358 5599
3359 5597
3360 5595
3361 5593
3362 5591
3363 5589
3364 5587
3365 5585
3366 5583
3367 5581
3368 5579
3368 5578
3368 5577
3368 5576
3368 5575
3368 5574
3368 5573
3368 5572
3368 5571
3368 5570
3368 5569
3368 5568
3368 5567
3368 5566
3368 5565
3368 5564
3368 5563
3368 5562
3368 5561
3368 5560
3368 5559
3368 5558
3368 5557
3368 5556
3368 5555
3368 5554
3368 5553
3368 5552
3368 5551
3368 5550
3368 5549
3368 5548
3368 5547
3367 5545
3367 5544
3367 5543
3367 5542
3366 5540
3365 5538
3365 5537
3364 5535
3364 5534
3363 5532
3363 5531
3362 5529
3362 5528
3361 5526
3361 5525
3360 5523
3360 5522
3359 5520
3359 5519
3358 5517
3358 5516
3357 5514
3357 5513
3356 5511
3356 5510
3355 5508
3355 5507
3354 5505
3354 5504
3353 5502
3353 5501
3352 5499
3352 5498
3351 5496
3351 5495
3350 5493
3350 5492
3349 5490
3349 5489
3348 5487
3348 5486
3347 5484
3347 5483
3346 5481
3346 5480
3345 5478
3345 5477
3344 5475
3344 5474
3343 5472
3343 5471
3342 5469
3342 5468
3341 5466
3341 5465
3340 5463
3340 5462
3339 5460
3339 5459
3338 5457
3338 5456
3337 5454
3337 5453
3336 5451
3336 5450
3335 5448
3334 5446
3333 5444
3332 5442
3331 5440
3330 5438
3331 5436
3332 5434
3333 5432
3334 5430
3335 5428
3336 5426
3337 5424
3338 5422
3339 5420
3340 5418
3341 5416
3342 5414
3343 5412
3344 5410
3345 5408
3346 5406
3347 5404
3348 5402
3349 5400
3350 5398
3351 5396
3352 5394
3353 5392
3354 5390
3355 5388
3356 5386
3357 5384
3358 5382
3359 5380
3360 5378
3360 5377
3360 5376
3360 5375
3359 5373
3358 5371
3358 5370
3357 5368
3356 5366
3357 5364
3358 5362
3359 5360
3359 5359
3359 5358
3359 5357
3358 5355
3357 5353
3357 5352
3356 5350
3356 5349
3355 5347
3355 5346
3354 5344
3354 5343
3353 5341
3353 5340
3352 5338
3352 5337
3351 5335
3351 5334
3350 5332
3350 5331
3349 5329
3349 5328
3348 5326
3348 5325
3347 5323
3347 5322
3346 5320
3346 5319
3345 5317
3345 5316
3344 5314
3343 5312
3342 5310
3341 5308
3340 5306
3339 5304
3340 5302
3341 5300
3342 5298
3343 5296
3344 5294
3345 5292
3346 5290
3347 5288
3348 5286
3349 5284
3350 5282
3351 5280
3352 5278
3353 5276
3354 5274
3355 5272
3356 5270
3357 5268
3358 5266
3359 5264
3360 5262
3361 5260
3362 5258
3363 5256
3364 5254
3365 5252
3366 5250
3367 5248
3368 5246
3369 5244
3370 5242
3371 5240
3372 5238
3373 5236
3374 5234
3375 5232
3376 5230
3377 5228
3378 5226
3379 5224
3380 5222
3381 5220
3382 5218
3383 5216
3384 5214
3385 5212
3386 5210
3387 5208
3388 5206
3389 5204
3390 5202
3391 5200
3392 5198
3393 5196
3394 5194
3395 5192
3396 5190
3397 5188
3398 5186
3399 5184
3400 5182
3401 5180
3402 5178
3403 5176
3404 5174
3405 5172
3406 5170
3407 5168
3408 5166
3409 5164
3410 5162
3411 5160
3412 5158
3413 5156
3414 5154
3415 5152
3416 5150
3418 5149
3420 5148
3421 5148
3422 5148
3424 5147
3425 5147
3426 5147
3427 5147
3429 5146
3430 5146
3431 5146
3433 5145
3434 5145
3435 5145
3436 5145
3438 5144
3439 5144
3440 5144
3442 5143
3443 5143
3444 5143
3445 5143
3447 5142
3448 5142
3449 5142
3451 5141
3452 5141
3453 5141
3454 5141
3456 5140
3457 5140
3458 5140
3460 5139
3461 5139
3462 5139
3463 5139
3465 5138
3466 5138
3467 5138
3469 5137
3470 5137
3471 5137
3472 5137
3474 5136
3475 5136
3476 5136
3478 5135
3479 5135
3480 5135
3482 5134
3483 5134
3484 5134
3485 5134
3487 5133
3488 5133
3489 5133
3491 5132
3492 5132
3493 5132
3494 5132
3496 5131
3497 5131
3498 5131
3500 5130
3501 5130
3502 5130
3504 5129
3505 5129
3506 5129
3507 5129
3509 5128
3510 5128
3511 5128
3513 5127
3514 5127
3515 5127
3517 5126
3518 5126
3519 5126
3520 5126
3522 5125
3523 5125
3524 5125
3526 5124
3527 5124
3528 5124
3530 5123
3531 5123
3532 5123
3533 5123
3535 5122
3536 5122
3537 5122
3539 5121
3540 5121
3541 5121
3543 5120
3544 5120
3545 5120
3546 5120
3548 5119
3549 5119
3550 5119
3552 5118
3553 5118
3554 5118
3556 5117
3557 5117
3558 5117
3559 5117
3561 5116
3562 5116
3563 5116
3565 5115
3566 5115
3567 5115
3569 5114
3570 5114
3571 5114
3573 5113
3574 5113
3575 5113
3576 5113
3578 5112
3579 5112
3580 5112
3582 5111
3583 5111
3584 5111
3586 5110
3587 5110
3588 5110
3590 5109
3591 5109
3592 5109
3593 5109
3595 5108
3596 5108
3597 5108
3599 5107
3600 5107
3601 5107
3603 5106
3604 5104
3605 5102
3606 5100
3607 5098
3608 5096
3609 5094
3610 5092
3611 5090
3612 5088
3613 5086
3614 5084
3615 5082
3616 5080
3617 5078
3618 5076
3619 5074
3620 5072
3621 5070
3622 5068
3623 5066
3624 5064
3625 5062
3626 5060
3627 5058
3628 5056
3629 5054
3630 5052
3631 5050
3632 5048
3633 5046
3634 5044
3635 5042
3636 5040
3637 5038
3638 5036
3639 5034
3640 5032
3641 5030
3642 5028
3643 5026
3644 5024
3645 5022
3646 5020
3647 5018
3649 5017
3651 5016
3652 5016
3653 5016
3655 5015
3656 5015
3657 5015
3658 5015
3660 5014
3660 5013
3659 5011
3658 5009
3657 5007
3656 5005
3655 5003
3654 5001
3653 4999
3652 4997
3651 4995
3650 4993
3649 4991
3648 4989
3647 4987
3646 4985
3645 4983
3644 4981
3643 4979
3642 4977
3641 4975
3640 4973
3639 4971
3637 4970
3636 4968
3637 4966
3638 4964
3639 4962
3640 4960
3641 4958
3642 4956
3643 4954
3644 4952
3645 4950
3646 4948
3647 4946
3648 4944
3649 4942
3650 4940
3651 4938
3652 4936
3653 4934
3654 4932
3655 4930
3656 4928
3657 4926
3658 4924
3659 4922
3661 4921
3663 4920
3664 4920
3665 4920
3667 4919
3668 4919
3669 4919
3671 4918
3672 4918
3673 4918
3674 4918
3676 4917
3677 4917
3678 4917
3680 4916
3681 4916
3682 4916
3684 4915
3685 4915
3686 4915
3688 4914
3689 4914
3690 4914
3691 4914
3693 4913
3694 4913
3695 4913
3697 4912
3698 4912
3699 4912
3701 4911
3702 4911
3703 4911
3705 4910
3706 4910
3707 4910
3709 4909
3710 4907
3711 4905
3712 4903
3713 4901
3714 4899
3715 4897
3716 4895
3717 4893
3718 4891
3719 4889
3720 4887
3721 4885
3722 4883
3723 4881
3724 4879
3725 4877
3726 4875
3727 4873
3728 4871
3729 4869
3730 4867
3731 4865
3732 4863
3733 4861
3734 4859
3735 4857
3736 4855
3737 4853
3738 4851
3739 4849
3740 4847
3741 4845
3742 4843
3743 4841
3744 4839
3745 4837
3746 4835
3747 4833
3748 4831
3749 4829
3750 4827
3751 4825
3752 4823
3753 4821
3754 4819
3755 4817
3756 4815
3757 4813
3758 4811
3759 4809
3760 4807
3761 4805
3762 4803
3763 4801
3764 4799
3765 4797
3766 4795
3767 4793
3768 4791
3769 4789
3770 4787
3771 4785
3772 4783
3773 4781
3774 4779
3775 4777
3776 4775
3777 4773
3778 4771
3778 4770
3778 4769
3778 4768
3777 4766
3776 4764
3776 4763
3775 4761
3775 4760
3774 4758
3774 4757
3773 4755
3773 4754
3772 4752
3772 4751
3771 4749
3771 4748
3770 4746
3770 4745
3769 4743
3769 4742
3768 4740
3768 4739
3767 4737
3767 4736
3766 4734
3766 4733
3765 4731
3765 4730
3764 4728
3764 4727
3763 4725
3763 4724
3762 4722
3762 4721
3761 4719
3761 4718
3760 4716
3761 4714
3762 4712
3763 4710
3764 4708
3765 4706
3766 4704
3767 4702
3768 4700
3769 4698
3770 4696
3771 4694
3772 4692
3773 4690
3774 4688
3775 4686
3776 4684
3777 4682
3778 4680
3779 4678
3780 4676
3781 4674
3782 4672
3783 4670
3784 4668
3785 4666
3786 4664
3787 4662
3788 4660
3789 4658
3790 4656
3791 4654
3792 4652
3793 4650
3794 4648
3795 4646
3796 4644
3797 4642
3798 4640
3799 4638
3800 4636
3801 4634
3802 4632
3803 4630
3804 4628
3805 4626
3806 4624
3807 4622
3808 4620
3809 4618
3810 4616
3811 4614
3812 4612
3813 4610
3814 4608
3815 4606
3816 4604
3817 4602
3818 4600
3819 4598
3820 4596
3821 4594
3822 4592
3823 4590
3824 4588
3825 4586
3826 4584
3827 4582
3828 4580
3829 4578
3830 4576
3831 4574
3832 4572
3833 4570
3834 4568
3835 4566
3836 4564
3837 4562
3838 4560
3839 4558
3840 4556
3841 4554
3842 4552
3843 4550
3844 4548
3845 4546
3846 4544
3847 4542
3848 4540
3849 4538
3850 4536
3851 4534
3852 4532
3853 4530
3854 4528
3855 4526
3856 4524
3857 4522
3858 4520
3859 4518
3860 4516
3861 4514
3862 4512
3863 4510
3864 4508
3865 4506
3866 4504
3867 4502
3868 4500
3869 4498
3870 4496
3871 4494
3872 4492
3873 4490
3874 4488
3875 4486
3877 4485
3879 4484
3880 4484
3881 4484
3883 4483
3884 4483
3885 4483
3887 4482
3888 4482
3889 4482
3891 4481
3892 4479
3893 4477
3894 4475
3895 4473
3896 4471
3897 4469
3898 4467
3899 4465
3900 4463
3901 4461
3902 4459
3903 4457
3904 4455
3905 4453
3906 4451
3907 4449
3908 4447
3909 4445
3910 4443
3911 4441
3912 4439
3913 4437
3914 4435
3915 4433
3916 4431
3917 4429
3918 4427
3919 4425
3920 4423
3921 4421
3922 4419
3923 4417
3924 4415
3925 4413
3926 4411
3927 4409
3928 4407
3929 4405
3930 4403
3931 4401
3932 4399
3933 4397
3934 4395
3935 4393
3936 4391
3937 4389
3938 4387
3939 4385
3940 4383
3941 4381
3942 4379
3943 4377
3944 4375
3945 4373
3946 4371
3947 4369
3948 4367
3949 4365
3950 4363
3951 4361
3952 4359
3953 4357
3954 4355
3955 4353
3956 4351
3957 4349
3958 4347
3959 4345
3960 4343
3961 4341
3962 4339
3963 4337
3964 4335
3965 4333
3966 4331
3967 4329
3968 4327
3969 4325
3970 4323
3971 4321
3972 4319
3973 4317
3974 4315
3975 4313
3976 4311
3977 4309
3978 4307
3979 4305
3980 4303
3981 4301
3982 4299
3983 4297
3984 4295
3985 4293
3986 4291
3987 4289
3988 4287
3989 4285
3990 4283
3991 4281
3992 4279
3993 4277
3994 4275
3995 4273
3996 4271
3997 4269
3998 4267
3999 4265
4000 4263
4001 4261
4002 4259
4003 4257
4004 4255
4005 4253
4006 4251
4007 4249
4008 4247
4009 4245
4010 4243
4011 4241
4012 4239
4013 4237
4014 4235
4015 4233
4016 4231
4017 4229
4018 4227
4019 4225
4020 4223
4021 4221
4022 4219
4023 4217
4024 4215
4025 4213
4026 4211
4027 4209
4028 4207
4029 4205
4030 4203
4031 4201
4032 4199
4033 4197
4034 4195
4035 4193
4036 4191
4037 4189
4038 4187
4039 4185
4040 4183
4041 4181
4042 4179
4043 4177
4044 4175
4045 4173
4046 4171
4047 4169
4048 4167
4049 4165
4050 4163
4051 4161
4052 4159
4053 4157
4054 4155
4055 4153
4056 4151
4057 4149
4058 4147
4059 4145
4060 4143
4061 4141
4062 4139
4063 4137
4064 4135
4065 4133
4066 4131
4067 4129
4068 4127
4069 4125
4070 4123
4071 4121
4072 4119
4073 4117
4074 4115
4075 4113
4076 4111
4077 4109
4078 4107
4079 4105
4080 4103
4081 4101
4082 4099
4083 4097
4084 4095
4085 4093
4086 4091
4087 4089
4088 4087
4089 4085
4090 4083
4091 4081
4092 4079
4093 4077
4094 4075
4095 4073
4096 4071
4097 4069
4098 4067
4099 4065
4100 4063
4101 4061
4102 4059
4103 4057
4104 4055
4105 4053
4106 4051
4107 4049
4108 4047
4109 4045
4110 4043
4111 4041
4112 4039
4113 4037
4114 4035
4115 4033
4116 4031
4117 4029
4118 4027
4119 4025
4120 4023
4121 4021
4122 4019
4123 4017
4124 4015
4125 4013
4126 4011
4127 4009
4128 4007
4129 4005
4130 4003
4131 4001
4132 3999
4133 3997
4134 3995
4135 3993
4136 3991
4137 3989
4138 3987
4139 3985
4140 3983
4141 3981
4142 3979
4143 3977
4144 3975
4145 3973
4146 3971
4147 3969
4148 3967
4149 3965
4150 3963
4151 3961
4152 3959
4153 3957
4155 3956
4157 3955
4158 3955
4159 3955
4160 3955
4161 3955
4162 3955
4163 3955
4164 3955
4166 3954
4167 3952
4168 3950
4169 3948
4170 3946
4171 3944
4172 3942
4173 3940
4174 3938
4175 3936
4176 3934
4177 3932
4178 3930
4179 3928
4180 3926
4181 3924
4182 3922
4183 3920
4184 3918
4185 3916
4186 3914
4187 3912
4188 3910
4189 3908
4190 3906
4191 3904
4192 3902
4193 3900
4194 3898
4195 3896
4196 3894
4197 3892
4198 3890
4199 3888
4200 3886
4201 3884
4202 3882
4203 3880
4204 3878
4205 3876
4206 3874
4207 3872
4208 3870
4209 3868
4210 3866
4211 3864
4212 3862
4213 3860
4214 3858
4215 3856
4216 3854
4217 3852
4218 3850
4219 3848
4220 3846
4221 3844
4222 3842
4223 3840
4224 3838
4225 3836
4226 3834
4227 3832
4228 3830
4229 3828
4230 3826
4231 3824
4232 3822
4233 3820
4234 3818
4235 3816
4236 3814
4237 3812
4238 3810
4239 3808
4240 3806
4241 3804
4242 3802
4243 3800
4244 3798
4245 3796
4246 3794
4247 3792
4248 3790
4249 3788
4250 3786
4251 3784
4252 3782
4253 3780
4254 3778
4255 3776
4256 3774
4257 3772
4258 3770
4259 3768
4260 3766
4261 3764
4262 3762
4263 3760
4264 3758
4265 3756
4266 3754
4267 3752
4268 3750
4269 3748
4270 3746
4271 3744
4272 3742
4273 3740
4274 3738
4275 3736
4276 3734
4277 3732
4278 3730
4279 3728
4280 3726
4281 3724
4282 3722
4283 3720
4284 3718
4285 3716
4286 3714
4287 3712
4288 3710
4289 3708
4290 3706
4291 3704
4292 3702
4293 3700
4294 3698
4295 3696
4296 3694
4297 3692
4298 3690
4299 3688
4300 3686
4301 3684
4302 3682
4303 3680
4304 3678
4305 3676
4306 3674
4307 3672
4308 3670
4309 3668
4310 3666
4311 3664
4312 3662
4313 3660
4314 3658
4315 3656
4316 3654
4317 3652
4318 3650
4319 3648
4320 3646
4321 3644
4322 3642
4323 3640
4324 3638
4325 3636
4326 3634
4327 3632
4328 3630
4329 3628
4330 3626
4331 3624
4332 3622
4333 3620
4334 3618
4335 3616
4336 3614
4337 3612
4338 3610
4339 3608
4340 3606
4341 3604
4342 3602
4343 3600
4343 3599
4343 3598
4343 3597
4344 3595
4344 3594
4344 3593
4344 3592
4344 3591
4344 3590
4345 3588
4345 3587
4345 3586
4345 3585
4345 3584
4345 3583
4346 3581
4346 3580
4346 3579
4346 3578
4346 3577
4346 3576
4347 3574
4347 3573
4347 3572
4347 3571
4347 3570
4347 3569
4348 3567
4348 3566
4348 3565
4348 3564
4348 3563
4348 3562
4348 3561
4349 3559
4350 3557
4351 3555
4352 3553
4353 3551
4354 3549
4355 3547
4356 3545
4357 3543
4358 3541
4359 3539
4360 3537
4361 3535
4362 3533
4363 3531
4364 3529
4365 3527
4366 3525
4367 3523
4368 3521
4369 3519
4370 3517
4371 3515
4372 3513
4373 3511
4374 3509
4375 3507
4376 3505
4377 3503
4378 3501
4379 3499
4380 3497
4381 3495
4382 3493
4383 3491
4384 3489
4385 3487
4386 3485
4387 3483
4388 3481
4389 3479
4390 3477
4391 3475
4392 3473
4393 3471
4395 3470
4397 3469
4398 3469
4399 3469
4401 3468
4402 3468
4403 3468
4404 3468
4406 3467
4407 3467
4408 3467
4410 3466
4411 3466
4412 3466
4413 3466
4415 3465
4416 3465
4417 3465
4419 3464
4420 3464
4421 3464
4422 3464
4424 3463
4425 3463
4426 3463
4428 3462
4429 3462
4430 3462
4431 3462
4433 3461
4434 3459
4435 3457
4436 3455
4437 3453
4438 3451
4439 3449
4440 3447
4441 3445
4442 3443
4443 3441
4444 3439
4445 3437
4446 3435
4447 3433
4448 3431
4449 3429
4450 3427
4451 3425
4452 3423
4453 3421
4454 3419
4455 3417
4456 3415
4457 3413
4458 3411
4459 3409
4460 3407
4461 3405
4462 3403
4463 3401
4464 3399
4465 3397
4466 3395
4467 3393
4468 3391
4469 3389
4470 3387
4471 3385
4472 3383
4473 3381
4474 3379
4475 3377
4476 3375
4477 3373
4478 3371
4479 3369
4480 3367
4481 3365
4482 3363
4483 3361
4484 3359
4485 3357
4486 3355
4487 3353
4488 3351
4489 3349
4489 3348
4489 3347
4489 3346
4488 3344
4488 3343
4487 3341
4487 3340
4486 3338
4486 3337
4485 3335
4485 3334
4484 3332
4484 3331
4483 3329
4483 3328
4482 3326
4482 3325
4481 3323
4481 3322
4480 3320
4480 3319
4479 3317
4479 3316
4478 3314
4478 3313
4477 3311
4477 3310
4476 3308
4476 3307
4475 3305
4476 3303
4477 3301
4478 3299
4479 3297
4480 3295
4481 3293
4482 3291
4483 3289
4484 3287
4485 3285
4486 3283
4487 3281
4488 3279
4489 3277
4490 3275
4491 3273
4492 3271
4493 3269
4494 3267
4495 3265
4496 3263
4497 3261
4498 3259
4499 3257
4500 3255
4501 3253
4502 3251
4503 3249
4504 3247
4505 3245
4506 3243
4507 3241
4508 3239
4509 3237
4510 3235
4511 3233
4512 3231
4513 3229
4514 3227
4515 3225
4516 3223
4517 3221
4518 3219
4519 3217
4520 3215
4521 3213
4522 3211
4523 3209
4524 3207
4525 3205
4526 3203
4527 3201
4528 3199
4529 3197
4530 3195
4531 3193
4532 3191
4533 3189
4534 3187
4535 3185
4536 3183
4537 3181
4538 3179
4539 3177
4540 3175
4541 3173
4542 3171
4543 3169
4544 3167
4546 3166
4548 3165
4549 3165
4550 3165
4552 3164
4553 3164
4554 3164
4555 3164
4557 3163
4558 3163
4559 3163
4561 3162
4562 3162
4563 3162
4564 3162
4566 3161
4567 3161
4568 3161
4570 3160
4571 3160
4572 3160
4574 3159
4575 3157
4576 3155
4578 3154
4580 3153
4581 3153
4582 3153
4584 3152
4585 3152
4586 3152
4587 3152
4589 3151
4590 3151
4591 3151
4593 3150
4594 3150
4595 3150
4596 3150
4598 3149
4599 3149
4600 3149
4602 3148
4603 3148
4604 3148
4605 3148
4607 3147
4608 3147
4609 3147
4611 3146
4612 3146
4613 3146
4614 3146
4616 3145
4617 3145
4618 3145
4620 3144
4621 3144
4622 3144
4623 3144
4624 3144
4625 3144
4626 3144
4628 3143
4627 3141
4626 3139
4626 3138
4625 3136
4624 3134
4624 3133
4623 3131
4622 3129
4622 3128
4621 3126
4620 3124
4620 3123
4619 3121
4618 3119
4617 3117
4618 3115
4619 3113
4620 3111
4622 3110
4624 3109
4625 3109
4626 3109
4628 3108
4629 3108
4630 3108
4631 3108
4633 3107
4634 3107
4635 3107
4637 3106
4638 3106
4639 3106
4640 3106
4642 3105
4643 3105
4644 3105
4646 3104
4647 3104
4648 3104
4649 3104
4651 3103
4652 3103
4653 3103
4655 3102
4656 3102
4657 3102
4658 3102
4660 3101
4661 3101
4662 3101
4664 3100
4665 3100
4666 3100
4667 3100
4669 3099
4670 3099
4671 3099
4673 3098
4674 3098
4675 3098
4676 3098
4677 3098
4678 3098
4679 3098
4681 3097
4682 3095
4683 3093
4684 3091
4685 3089
4687 3088
4688 3088
4690 3087
4691 3087
4692 3087
4693 3087
4695 3086
4696 3086
4697 3086
4698 3086
4700 3085
4701 3085
4702 3085
4703 3085
4705 3084
4706 3084
4707 3084
4708 3084
4710 3083
4711 3081
4712 3079
4713 3077
4714 3075
4715 3073
4716 3071
4717 3069
4718 3067
4719 3065
4720 3063
4721 3061
4722 3059
4723 3057
4724 3055
4725 3053
4726 3051
4727 3049
4728 3047
4729 3045
4730 3043
4731 3041
4732 3039
4733 3037
4734 3035
4735 3033
4736 3031
4737 3029
4738 3027
4739 3025
4740 3023
4741 3021
4742 3019
4743 3017
4744 3015
4745 3013
4746 3011
4747 3009
4748 3007
4749 3005
4750 3003
4751 3001
4752 2999
4753 2997
4754 2995
4755 2993
4756 2991
4757 2989
4758 2987
4759 2985
4760 2983
4761 2981
4762 2979
4763 2977
4764 2975
4765 2973
4766 2971
4767 2969
4768 2967
4769 2965
4770 2963
4771 2961
4772 2959
4773 2957
4774 2955
4775 2953
4776 2951
4777 2949
4778 2947
4779 2945
4780 2943
4781 2941
4782 2939
4783 2937
4784 2935
4785 2933
4786 2931
4787 2929
4788 2927
4789 2925
4790 2923
4791 2921
4792 2919
4793 2917
4794 2915
4795 2913
4796 2911
4797 2909
4798 2907
4799 2905
4800 2903
4801 2901
4802 2899
4803 2897
4804 2895
4805 2893
4806 2891
4807 2889
4808 2887
4809 2885
4810 2883
4811 2881
4812 2879
4813 2877
4814 2875
4815 2873
4816 2871
4817 2869
4818 2867
4819 2865
4820 2863
4821 2861
4822 2859
4823 2857
4824 2855
4825 2853
4826 2851
4827 2849
4828 2847
4829 2845
4830 2843
4831 2841
4832 2839
4833 2837
4834 2835
4835 2833
4836 2831
4837 2829
4838 2827
4839 2825
4840 2823
4841 2821
4842 2819
4843 2817
4844 2815
4845 2813
4846 2811
4847 2809
4848 2807
4849 2805
4850 2803
4850 2802
4850 2801
4850 2800
4849 2798
4848 2796
4848 2795
4847 2793
4847 2792
4846 2790
4846 2789
4845 2787
4845 2786
4844 2784
4845 2782
4846 2780
4847 2778
4848 2776
4849 2774
4850 2772
4851 2770
4852 2768
4853 2766
4854 2764
4855 2762
4856 2760
4857 2758
4858 2756
4859 2754
4860 2752
4861 2750
4862 2748
4863 2746
4864 2744
4865 2742
4865 2741
4865 2740
4865 2739
4864 2737
4864 2736
4863 2734
4863 2733
4862 2731
4862 2730
4861 2728
4861 2727
4860 2725
4860 2724
4859 2722
4859 2721
4858 2719
4858 2718
4857 2716
4857 2715
4856 2713
4856 2712
4855 2710
4855 2709
4854 2707
4854 2706
4853 2704
4853 2703
4852 2701
4852 2700
4851 2698
4851 2697
4850 2695
4850 2694
4849 2692
4849 2691
4848 2689
4848 2688
4847 2686
4847 2685
4846 2683
4846 2682
4845 2680
4845 2679
4844 2677
4844 2676
4843 2674
4843 2673
4842 2671
4842 2670
4841 2668
4841 2667
4840 2665
4840 2664
4839 2662
4839 2661
4838 2659
4838 2658
4837 2656
4836 2654
4835 2652
4834 2650
4834 2649
4834 2648
4833 2646
4833 2645
4832 2643
4832 2642
4831 2640
4831 2639
4830 2637
4830 2636
4829 2634
4829 2633
4828 2631
4828 2630
4827 2628
4828 2626
4829 2624
4830 2622
4831 2620
4832 2618
4833 2616
4834 2614
4835 2612
4836 2610
4837 2608
4838 2606
4839 2604
4840 2602
4841 2600
4842 2598
4843 2596
4844 2594
4845 2592
4846 2590
4847 2588
4848 2586
4849 2584
4850 2582
4851 2580
4852 2578
4853 2576
4854 2574
4855 2572
4856 2570
4857 2568
4858 2566
4859 2564
4860 2562
4861 2560
4862 2558
4863 2556
4864 2554
4865 2552
4866 2550
4867 2548
4868 2546
4869 2544
4870 2542
4871 2540
4872 2538
4873 2536
4874 2534
4875 2532
4876 2530
4877 2528
4878 2526
4879 2524
4880 2522
4881 2520
4882 2518
4883 2516
4884 2514
4885 2512
4886 2510
4887 2508
4888 2506
4889 2504
4890 2502
4891 2500
4892 2498
4892 2497
4892 2496
4891 2494
4891 2493
4891 2492
4891 2491
4891 2490
4890 2488
4890 2487
4890 2486
4889 2484
4891 2483
4892 2483
4893 2483
4895 2482
4896 2482
4897 2482
4898 2482
4900 2481
4901 2481
4902 2481
4903 2481
4905 2480
4906 2480
4907 2480
4908 2480
4910 2479
4911 2479
4912 2479
4914 2478
4915 2478
4916 2478
4917 2478
4919 2477
4920 2477
4921 2477
4922 2477
4924 2476
4925 2476
4926 2476
4928 2475
4930 2474
4931 2472
4932 2470
4933 2468
4934 2466
4935 2464
4936 2462
4937 2460
4938 2458
4939 2456
4940 2454
4941 2452
4942 2450
4943 2448
4944 2446
4945 2444
4946 2442
4947 2440
4948 2438
4949 2436
4950 2434
4951 2432
4952 2430
4953 2428
4954 2426
4955 2424
4956 2422
4957 2420
4958 2418
4959 2416
4960 2414
4961 2412
4962 2410
4963 2408
4964 2406
4965 2404
4966 2402
4967 2400
4968 2398
4969 2396
4970 2394
4971 2392
4972 2390
4973 2388
4974 2386
4975 2384
4976 2382
4976 2381
4976 2380
4976 2379
4975 2377
4975 2376
4974 2374
4974 2373
4973 2371
4973 2370
4972 2368
4972 2367
4971 2365
4971 2364
4970 2362
4970 2361
4969 2359
4969 2358
4968 2356
4968 2355
4967 2353
4967 2352
4966 2350
4966 2349
4965 2347
4965 2346
4964 2344
4964 2343
4963 2341
4963 2340
4962 2338
4962 2337
4961 2335
4961 2334
4960 2332
4960 2331
4959 2329
4959 2328
4958 2326
4958 2325
4957 2323
4957 2322
4956 2320
4956 2319
4955 2317
4955 2316
4954 2314
4954 2313
4954 2312
4954 2311
4953 2309
4953 2308
4952 2306
4952 2305
4951 2303
4951 2302
4950 2300
4950 2299
4949 2297
4949 2296
4948 2294
4948 2293
4947 2291
4947 2290
4946 2288
4946 2287
4945 2285
4945 2284
4944 2282
4944 2281
4943 2279
4943 2278
4942 2276
4942 2275
4941 2273
4941 2272
4940 2270
4939 2268
4938 2266
4937 2264
4936 2262
4937 2260
4938 2258
4939 2256
4940 2254
4941 2252
4942 2250
4943 2248
4944 2246
4945 2244
4946 2242
4947 2240
4948 2238
4949 2236
4950 2234
4951 2232
4952 2230
4953 2228
4954 2226
4955 2224
4956 2222
4957 2220
4958 2218
4959 2216
4960 2214
4961 2212
4962 2210
4963 2208
4964 2206
4965 2204
4966 2202
4967 2200
4968 2198
4969 2196
4970 2194
4971 2192
4972 2190
4973 2188
4974 2186
4975 2184
4976 2182
4977 2180
4978 2178
4979 2176
4980 2174
4981 2172
4982 2170
4983 2168
4984 2166
4985 2164
4986 2162
4987 2160
4988 2158
4989 2156
4990 2154
4991 2152
4992 2150
4993 2148
4994 2146
4995 2144
4996 2142
4997 2140
4998 2138
4999 2136
5000 2134
5001 2132
5002 2130
5003 2128
5004 2126
5005 2124
5006 2122
5007 2120
5008 2118
5009 2116
5010 2114
5011 2112
5012 2110
5013 2108
5014 2106
5015 2104
5016 2102
5017 2100
5018 2098
5019 2096
5020 2094
5021 2092
5022 2090
5023 2088
5024 2086
5025 2084
5026 2082
5027 2080
5028 2078
5029 2076
5030 2074
5031 2072
5032 2070
5033 2068
5034 2066
5035 2064
5036 2062
5037 2060
5038 2058
5039 2056
5040 2054
5041 2052
5043 2051
5045 2050
5046 2050
5047 2050
5048 2050
5049 2050
5051 2049
5052 2047
5053 2045
5054 2043
5055 2041
5056 2039
5057 2037
5058 2035
5059 2033
5060 2031
5061 2029
5062 2027
5063 2025
5065 2024
5067 2023
5068 2023
5069 2023
5070 2023
5072 2022
5074 2021
5075 2019
5077 2018
5078 2016
5080 2015
5082 2014
5083 2012
5085 2011
5087 2010
5088 2008
5090 2007
5091 2005
5093 2004
5094 2002
5095 2000
5096 1998
5097 1996
5098 1994
5099 1992
5100 1990
5101 1988
5102 1986
5103 1984
5104 1982
5105 1980
5106 1978
5107 1976
5108 1974
5109 1972
5110 1970
5111 1968
5112 1966
5113 1964
5114 1962
5115 1960
5116 1958
5117 1956
5118 1954
5119 1952
5120 1950
5121 1948
5122 1946
5123 1944
5124 1942
5125 1940
5126 1938
5127 1936
5128 1934
5129 1932
5130 1930
5131 1928
5132 1926
5133 1924
5134 1922
5135 1920
5136 1918
5137 1916
5138 1914
5139 1912
5140 1910
5141 1908
5142 1906
5143 1904
5144 1902
5145 1900
5146 1898
5147 1896
5148 1894
5149 1892
5150 1890
5151 1888
5152 1886
5153 1884
5154 1882
5155 1880
5156 1878
5157 1876
5158 1874
5159 1872
5160 1870
5161 1868
5162 1866
5163 1864
5164 1862
5165 1860
5166 1858
5167 1856
5168 1854
5169 1852
5170 1850
5171 1848
5172 1846
5173 1844
5173 1843
5173 1842
5174 1840
5175 1838
5176 1836
5177 1834
5178 1832
5179 1830
5180 1828
5181 1826
5182 1824
5183 1822
5184 1820
5185 1818
5186 1816
5187 1814
5188 1812
5189 1810
5190 1808
5191 1806
5192 1804
5193 1802
5194 1800
5195 1798
5196 1796
5197 1794
5198 1792
5199 1790
5200 1788
5201 1786
5202 1784
5203 1782
5204 1780
5205 1778
5206 1776
5207 1774
5208 1772
5209 1770
5210 1768
5211 1766
5212 1764
5213 1762
5214 1760
5215 1758
5216 1756
5217 1754
5218 1752
5219 1750
5220 1748
5221 1746
5222 1744
5223 1742
5224 1740
5225 1738
5226 1736
5227 1734
5228 1732
5229 1730
5230 1728
5231 1726
5232 1724
5233 1722
5234 1720
5235 1718
5236 1716
5237 1714
5238 1712
5239 1710
5240 1708
5241 1706
5242 1704
5243 1702
5244 1700
5245 1698
5246 1696
5247 1694
5248 1692
5249 1690
5250 1688
5251 1686
5252 1684
5253 1682
5254 1680
5255 1678
5256 1676
5257 1674
5258 1672
5259 1670
5260 1668
5261 1666
5262 1664
5263 1662
5264 1660
5265 1658
5266 1656
5267 1654
5268 1652
5269 1650
5270 1648
5271 1646
5272 1644
5273 1642
5274 1640
5275 1638
5276 1636
5277 1634
5278 1632
5279 1630
5280 1628
5281 1626
5282 1624
5283 1622
5284 1620
5285 1618
5286 1616
5287 1614
5288 1612
5289 1610
5290 1608
5291 1606
5292 1604
5293 1602
5294 1600
5295 1598
5296 1596
5297 1594
5298 1592
5299 1590
5300 1588
5301 1586
5302 1584
5303 1582
5304 1580
5305 1578
5306 1576
5307 1574
5308 1572
5309 1570
5310 1568
5311 1566
5312 1564
5313 1562
5314 1560
5315 1558
5316 1556
5317 1554
5318 1552
5319 1550
5320 1548
5321 1546
5322 1544
5323 1542
5324 1540
5325 1538
5326 1536
5327 1534
5328 1532
5329 1530
5330 1528
5331 1526
5332 1524
5333 1522
5334 1520
5335 1518
5336 1516
5337 1514
5338 1512
5339 1510
5340 1508
5341 1506
5342 1504
5343 1502
5344 1500
5345 1498
5346 1496
5347 1494
5348 1492
5348 1491
5348 1490
5348 1489
5347 1487
5347 1486
5346 1484
5346 1483
5345 1481
5345 1480
5344 1478
5344 1477
5343 1475
5343 1474
5342 1472
5342 1471
5341 1469
5341 1468
5340 1466
5340 1465
5339 1463
5339 1462
5338 1460
5338 1459
5337 1457
5337 1456
5336 1454
5336 1453
5335 1451
5335 1450
5334 1448
5334 1447
5333 1445
5333 1444
5332 1442
5332 1441
5331 1439
5331 1438
5330 1436
5330 1435
5329 1433
5329 1432
5328 1430
5328 1429
5327 1427
5327 1426
5326 1424
5326 1423
5325 1421
5325 1420
5324 1418
5324 1417
5323 1415
5323 1414
5322 1412
5322 1411
5321 1409
5321 1408
5320 1406
5320 1405
5319 1403
5319 1402
5318 1400
5318 1399
5317 1397
5317 1396
5316 1394
5316 1393
5315 1391
5315 1390
5314 1388
5314 1387
5313 1385
5313 1384
5312 1382
5312 1381
5311 1379
5311 1378
5310 1376
5311 1374
5312 1372
5313 1370
5314 1368
5315 1366
5316 1364
5317 1362
5318 1360
5319 1358
5320 1356
5321 1354
5322 1352
5323 1350
5324 1348
5325 1346
5326 1344
5327 1342
5328 1340
5329 1338
5330 1336
5331 1334
5332 1332
5333 1330
5334 1328
5335 1326
5336 1324
5337 1322
5338 1320
5339 1318
5340 1316
5341 1314
5342 1312
5343 1310
5344 1308
5345 1306
5346 1304
5347 1302
5348 1300
5349 1298
5350 1296
5351 1294
5352 1292
5353 1290
5354 1288
5355 1286
5356 1284
5357 1282
5358 1280
5359 1278
5360 1276
5361 1274
5362 1272
5363 1270
5364 1268
5365 1266
5366 1264
5367 1262
5368 1260
5369 1258
5370 1256
5371 1254
5372 1252
5373 1250
5374 1248
5375 1246
5376 1244
5377 1242
5378 1240
5379 1238
5380 1236
5381 1234
5382 1232
5383 1230
5384 1228
5385 1226
5386 1224
5387 1222
5389 1221
5391 1220
5392 1220
5393 1220
5394 1220
5395 1220
5397 1219
5398 1219
5399 1219
5400 1219
5401 1219
5402 1219
5403 1219
5405 1218
5406 1216
5407 1214
5408 1212
5409 1210
5410 1208
5411 1206
5412 1204
5413 1202
5414 1200
5415 1198
5416 1196
5417 1194
5418 1192
5419 1190
5420 1188
5421 1186
5422 1184
5423 1182
5424 1180
5425 1178
5426 1176
5427 1174
5428 1172
5429 1170
5430 1168
5431 1166
5432 1164
5433 1162
5434 1160
5435 1158
5436 1156
5437 1154
5438 1152
5439 1150
5440 1148
5441 1146
5442 1144
5443 1142
5444 1140
5445 1138
5446 1136
5447 1134
5448 1132
5450 1131
5452 1130
5453 1130
5454 1130
5455 1130
5456 1130
5458 1129
5459 1129
5460 1129
5461 1129
5462 1129
5464 1128
5465 1128
5466 1128
5467 1128
5468 1128
5470 1127
5471 1127
5472 1127
5473 1127
5474 1127
5476 1126
5477 1126
5478 1126
5479 1126
5480 1126
5482 1125
5483 1125
5484 1125
5485 1125
5486 1125
5488 1124
5489 1124
5490 1124
5491 1124
5493 1123
5494 1123
5495 1123
5496 1123
5497 1123
5499 1122
5500 1120
5501 1118
5502 1116
5503 1114
5504 1112
5505 1110
5506 1108
5507 1106
5508 1104
5509 1102
5510 1100
5511 1098
5512 1096
5513 1094
5514 1092
5515 1090
5516 1088
5517 1086
5518 1084
5519 1082
5520 1080
5521 1078
5522 1076
5523 1074
5524 1072
5525 1070
5526 1068
5527 1066
5528 1064
5529 1062
5530 1060
5531 1058
5532 1056
5533 1054
5534 1052
5535 1050
5536 1048
5537 1046
5538 1044
5539 1042
5539 1041
5540 1039
5540 1038
5541 1036
5541 1035
5542 1033
5543 1031
5544 1029
5545 1027
5546 1025
5547 1023
5548 1021
5549 1019
5550 1017
5551 1015
5552 1013
5552 1012
5552 1011
5552 1010
5551 1008
5551 1007
5550 1005
5550 1004
5549 1002
5549 1001
5548 999
5548 998
5547 996
5547 995
5546 993
5546 992
5545 990
5545 989
5544 987
5544 986
5543 984
5543 983
5542 981
5542 980
5541 978
5541 977
5540 975
5541 973
5542 971
5543 969
5544 967
5545 965
5546 963
5547 961
5548 959
5549 957
5550 955
5551 953
5552 951
5553 949
5554 947
5555 945
5556 943
5557 941
5558 939
5559 937
5560 935
5561 933
5562 931
5563 929
5564 927
5565 925
5566 923
5567 921
5568 919
5569 917
5570 915
5571 913
5572 911
5573 909
5574 907
5575 905
5576 903
5577 901
5578 899
5579 897
5580 895
5581 893
5582 891
5583 889
5584 887
5585 885
5586 883
5587 881
5588 879
5589 877
5590 875
5591 873
5592 871
5593 869
5594 867
5595 865
5596 863
5597 861
5598 859
5599 857
5600 855
5601 853
5602 851
5603 849
5604 847
5605 845
5606 843
5607 841
5608 839
5609 837
5610 835
5611 833
5612 831
5613 829
5614 827
5615 825
5616 823
5617 821
5618 819
5619 817
5620 815
5621 813
5622 811
5623 809
5624 807
5625 805
5626 803
5628 802
5630 801
5631 801
5632 801
5633 801
5634 801
5636 800
5637 800
5638 800
5639 800
5640 800
5642 799
5643 799
5644 799
5645 799
5646 799
5648 798
5649 798
5650 798
5651 798
5652 798
5653 798
5655 797
5657 796
5659 795
5661 794
5663 793
5665 792
5667 791
5669 790
5671 789
5673 788
5675 787
5677 786
5679 785
5681 784
5682 782
5684 781
5686 780
5688 779
5690 778
5692 777
5694 776
5696 775
5698 774
5700 773
5702 772
5704 771
5706 770
5708 769
5710 768
5712 767
5714 766
5716 765
5718 764
5720 763
5722 762
5724 761
5725 759
5726 757
5727 755
5728 753
5729 751
5730 749
5731 747
5732 745
5733 743
5734 741
5735 739
5736 737
5737 735
5738 733
5739 731
5740 729
5741 727
5742 725
5743 723
5744 721
5745 719
5746 717
5747 715
5748 713
5749 711
5750 709
5751 707
5752 705
5753 703
5754 701
5755 699
5756 697
5757 695
5758 693
5759 691
5760 689
5761 687
5762 685
5763 683
5764 681
5766 680
5768 679
5769 679
5770 679
5771 679
5772 679
5774 678
5775 678
5776 678
5777 678
5779 677
5780 677
5781 677
5782 677
5783 677
5785 676
5786 676
5787 676
5788 676
5789 676
5791 675
5792 675
5793 675
5794 675
5796 674
5798 673
5799 671
5801 670
5802 670
5803 670
5805 669
5806 667
5807 665
5808 663
5809 661
5810 659
5811 657
5812 655
5813 653
5814 651
5815 649
5816 647
5817 645
5818 643
5819 641
5820 639
5821 637
5822 635
5823 633
5824 631
5825 629
5826 627
5827 625
5828 623
5829 621
5830 619
5831 617
5832 615
5833 613
5834 611
5835 609
5836 607
5837 605
5838 603
5839 601
5840 599
5841 597
5842 595
5843 593
5844 591
5845 589
5846 587
5847 585
5848 583
5849 581
5850 579
5851 577
5852 575
5853 573
5854 571
5855 569
5856 567
5857 565
5858 563
5859 561
5860 559
5861 557
5862 555
5863 553
5864 551
5865 549
5866 547
5867 545
5868 543
5869 541
5870 539
5871 537
5872 535
5873 533
5874 531
5875 529
5876 527
5877 525
5878 523
5879 521
5880 519
5881 517
5882 515
5883 513
5884 511
5885 509
5886 507
5887 505
5888 503
5889 501
5890 499
5891 497
5892 495
5893 493
5894 491
5895 489
5896 487
5897 485
5898 483
5899 481
5900 479
5901 477
5902 475
5903 473
5904 471
5905 469
5906 467
5907 465
5908 463
5909 461
5910 459
5911 457
5912 455
5913 453
5914 451
5915 449
5916 447
5917 445
5918 443
5919 441
5920 439
5921 437
5922 435
5923 433
5924 431
5925 429
5926 427
5927 425
5928 423
5929 421
5930 419
5931 417
5932 415
5933 413
5934 411
5935 409
5936 407
5937 405
5938 403
5939 401
5940 399
5941 397
5942 395
5943 393
5944 391
5945 389
5946 387
5947 385
5948 383
5949 381
5950 379
5951 377
5952 375
5953 373
5954 371
5955 369
5956 367
5957 365
5958 363
5959 361
5960 359
5961 357
5962 355
5963 353
5964 351
5965 349
5966 347
5967 345
5968 343
5969 341
5970 339
5971 337
5972 335
5973 333
5974 331
5975 329
5976 327
5977 325
5978 323
5979 321
5980 319
5981 317
5982 315
5983 313
5984 311
5985 309
5986 307
5987 305
5988 303
5989 301
5990 299
5991 297
5992 295
5993 293
5994 291
5995 289
5996 287
5997 285
5998 283
5999 281
6000 279
6001 277
6002 275
6003 273
6004 271
6005 269
6006 267
6007 265
6008 263
6009 261
6010 259
6011 257
6012 255
6013 253
6014 251
6015 249
6016 247
6017 245
6018 243
6019 241
6020 239
6021 237
6022 235
6023 233
6024 231
6025 229
6026 227
6027 225
6028 223
6029 221
6030 219
6031 217
6032 215
6033 213
6034 211
6035 209
6036 207
6037 205
6038 203
6039 201
6040 199
6041 197
6042 195
6043 193
6044 191
6045 189
6046 187
6048 186
6050 185
6052 184
6053 182
6055 181
6057 180
6059 179
6060 177
6062 176
6064 175
6065 173
6067 172
6069 171
6071 170
6072 168
6074 167
6076 166
6078 165
6079 163
6081 162
6082 160
6083 158
6084 156
6085 154
6086 152
6087 150
6088 148
6089 146
6090 144
6091 142
6092 140
6093 138
6094 136
6095 134
6096 132
6097 130
6098 128
6099 126
6100 124
6101 122
6102 120
6103 118
6104 116
6105 114
6106 112
6107 110
6108 108
6109 106
6110 104
6111 102
6112 100
6113 98
6114 96
6115 94
6116 92
6117 90
6118 88
6119 86
6120 84
6121 82
6122 80
6123 78
6124 76
6125 74
6126 72
6127 70
6128 68
6129 66
6130 64
6131 62
6132 60
6133 58
6134 56
6135 54
6136 52
6137 50
6138 48
6139 46
6140 44
6141 42
6142 40
6143 38
6144 36
6145 34
6146 32
6147 30
6148 28
6149 26
6150 24
6151 22
6152 20
6153 18
6154 16
6155 14
6156 12
6157 10
6158 8
6159 6
6160 4
6161 2
6162 0
6163 -2
6164 -4
6165 -6
6166 -8
6167 -10
6168 -12
6169 -14
6170 -16
6171 -18
6172 -20
6173 -22
6174 -24
6175 -26
6176 -28
6177 -30
6178 -32
6179 -34
6180 -36
6180 -37
6180 -38
6180 -39
6179 -41
6179 -42
6178 -44
6178 -45
6177 -47
6177 -48
6176 -50
6176 -51
6175 -53
6175 -54
6174 -56
6174 -57
6173 -59
6173 -60
6172 -62
6172 -63
6171 -65
6171 -66
6170 -68
6170 -69
6169 -71
6169 -72
6168 -74
6168 -75
6167 -77
6167 -78
6166 -80
6165 -82
6164 -84
6163 -86
6164 -88
6165 -90
6166 -92
6167 -94
6168 -96
6169 -98
6170 -100
6171 -102
6172 -104
6173 -106
6174 -108
6175 -110
6176 -112
6177 -114
6178 -116
6179 -118
6180 -120
6181 -122
6182 -124
6183 -126
6184 -128
6185 -130
6186 -132
6187 -134
6188 -136
6189 -138
6190 -140
6191 -142
6192 -144
6193 -146
6194 -148
6195 -150
6196 -152
6197 -154
6198 -156
6199 -158
6200 -160
6201 -162
6201 -163
6201 -164
6201 -165
6200 -167
6200 -168
6199 -170
6199 -171
6198 -173
6198 -174
6197 -176
6197 -177
6196 -179
6196 -180
6195 -182
6195 -183
6194 -185
6194 -186
6193 -188
6193 -189
6192 -191
6192 -192
6191 -194
6191 -195
6190 -197
6190 -198
6190 -199
6189 -201
6189 -202
6189 -203
6188 -205
6188 -206
6188 -207
6187 -209
6187 -210
6187 -211
6186 -213
6186 -214
6186 -215
6185 -217
6185 -218
6185 -219
6184 -221
6184 -222
6184 -223
6183 -225
6184 -227
6185 -229
6186 -231
6187 -233
6188 -235
6190 -236
6192 -237
6194 -238
6195 -238
6196 -238
6197 -238
6199 -239
6200 -239
6201 -239
6203 -240
6204 -240
6205 -240
6206 -240
6208 -241
6209 -241
6210 -241
6212 -242
6213 -242
6214 -242
6216 -243
6217 -243
6218 -243
6219 -243
6221 -244
6222 -244
6223 -244
6225 -245
6226 -245
6227 -245
6229 -246
6230 -246
6231 -246
6232 -246
6234 -247
6235 -247
6236 -247
6238 -248
6239 -248
6240 -248
6241 -248
6243 -249
6244 -249
6245 -249
6247 -250
6248 -250
6249 -250
6251 -251
6252 -251
6253 -251
6254 -251
6256 -252
6257 -252
6258 -252
6260 -253
6261 -253
6262 -253
6264 -254
6265 -254
6266 -254
6267 -254
6269 -255
6270 -255
6271 -255
6273 -256
6274 -256
6275 -256
6276 -256
6278 -257
6279 -257
6280 -257
6282 -258
6283 -258
6284 -258
6286 -259
6287 -259
6288 -259
6289 -259
6291 -260
6292 -260
6293 -260
6295 -261
6296 -261
6297 -261
6299 -262
6300 -262
6301 -262
6302 -262
6304 -263
6305 -263
6306 -263
6308 -264
6309 -264
6310 -264
6311 -264
6313 -265
6314 -267
6315 -269
6316 -271
6317 -273
6318 -275
6319 -277
6320 -279
6321 -281
6322 -283
6323 -285
6324 -287
6325 -289
6326 -291
6327 -293
6328 -295
6329 -297
6330 -299
6331 -301
6332 -303
6333 -305
6334 -307
6335 -309
6336 -311
6337 -313
6338 -315
6339 -317
6340 -319
6341 -321
6342 -323
6343 -325
6344 -327
6345 -329
6346 -331
6347 -333
6348 -335
6349 -337
6350 -339
6351 -341
6352 -343
6353 -345
6354 -347
6355 -349
6356 -351
6357 -353
6358 -355
6359 -357
6360 -359
6361 -361
6362 -363
6363 -365
6364 -367
6365 -369
6366 -371
6367 -373
6368 -375
6369 -377
6370 -379
6371 -381
6372 -383
6373 -385
6374 -387
6375 -389
6376 -391
6377 -393
6378 -395
6378 -396
6378 -397
6378 -398
6377 -400
6377 -401
6376 -403
6376 -404
6375 -406
6376 -408
6377 -410
6378 -412
6379 -414
6380 -416
6381 -418
6382 -420
6383 -422
6384 -424
6385 -426
6386 -428
6387 -430
6388 -432
6389 -434
6390 -436
6391 -438
6392 -440
6393 -442
6394 -444
6395 -446
6396 -448
6397 -450
6398 -452
6399 -454
6400 -456
6401 -458
6402 -460
6403 -462
6404 -464
6405 -466
6406 -468
6407 -470
6408 -472
6409 -474
6410 -476
6411 -478
6412 -480
6413 -482
6414 -484
6415 -486
6416 -488
6417 -490
6418 -492
6419 -494
6420 -496
6421 -498
6422 -500
6423 -502
6424 -504
6425 -506
6426 -508
6427 -510
6428 -512
6429 -514
6430 -516
6431 -518
6432 -520
6433 -522
6434 -524
6435 -526
6436 -528
6437 -530
6438 -532
6439 -534
6440 -536
6441 -538
6442 -540
6443 -542
6444 -544
6445 -546
6446 -548
6447 -550
6448 -552
6449 -554
6450 -556
6451 -558
6452 -560
6453 -562
6454 -564
6455 -566
6456 -568
6457 -570
6458 -572
6459 -574
6460 -576
6461 -578
6462 -580
6463 -582
6464 -584
6465 -586
6466 -588
6467 -590
6468 -592
6469 -594
6471 -595
6473 -596
6474 -596
6475 -596
6476 -596
6477 -596
6478 -596
6479 -596
6480 -596
6481 -596
6482 -596
6483 -596
6484 -596
6486 -597
6487 -599
6488 -601
6489 -603
6490 -605
6491 -607
6492 -609
6493 -611
6494 -613
6495 -615
6496 -617
6497 -619
6498 -621
6499 -623
6500 -625
6501 -627
6502 -629
6503 -631
6504 -633
6505 -635
6506 -637
6507 -639
6508 -641
6509 -643
6510 -645
6511 -647
6512 -649
6513 -651
6514 -653
6515 -655
6516 -657
6517 -659
6518 -661
6519 -663
6520 -665
6521 -667
6522 -669
6523 -671
6524 -673
6525 -675
6526 -677
6527 -679
6528 -681
6529 -683
6530 -685
6531 -687
6532 -689
6533 -691
6534 -693
6535 -695
6536 -697
6537 -699
6538 -701
6539 -703
6540 -705
6541 -707
6542 -709
6543 -711
6544 -713
6545 -715
6546 -717
6547 -719
6548 -721
6549 -723
6550 -725
6551 -727
6552 -729
6553 -731
6554 -733
6555 -735
6556 -737
6557 -739
6558 -741
6559 -743
6560 -745
6561 -747
6562 -749
6563 -751
6564 -753
6565 -755
6567 -756
6569 -757
6570 -757
6571 -757
6572 -757
6573 -757
6574 -757
6576 -758
6577 -758
6578 -758
6579 -758
6580 -758
6581 -758
6583 -759
6584 -759
6585 -759
6586 -759
6587 -759
6588 -759
6590 -760
6591 -760
6592 -760
6593 -760
6594 -760
6595 -760
6597 -761
6598 -761
6599 -761
6600 -761
6601 -761
6602 -761
6604 -762
6605 -762
6606 -762
6607 -762
6608 -762
6610 -763
6611 -763
6612 -763
6613 -763
6614 -763
6615 -763
6617 -764
6618 -764
6619 -764
6620 -764
6621 -764
6623 -765
6624 -765
6625 -765
6626 -765
6627 -765
6628 -765
6630 -766
6631 -766
6632 -766
6633 -766
6634 -766
6636 -767
6637 -767
6638 -767
6639 -767
6640 -767
6642 -768
6643 -768
6644 -768
6645 -768
6646 -768
6648 -769
6649 -769
6650 -769
6651 -769
6652 -769
6653 -769
6655 -770
6656 -770
6657 -770
6658 -770
6659 -770
6661 -771
6662 -771
6663 -771
6664 -771
6665 -771
6667 -772
6668 -772
6669 -772
6670 -772
6671 -772
6673 -773
6674 -773
6675 -773
6676 -773
6677 -773
6679 -774
6680 -774
6681 -774
6682 -774
6683 -774
6685 -775
6686 -775
6687 -775
6688 -775
6689 -775
6691 -776
6692 -776
6693 -776
6694 -776
6695 -776
6697 -777
6698 -777
6699 -777
6700 -777
6701 -777
6703 -778
6704 -778
6705 -778
6706 -778
6707 -778
6709 -779
6710 -779
6711 -779
6712 -779
6713 -779
6715 -780
6716 -780
6717 -780
6718 -780
6719 -780
6720 -780
6721 -780
6722 -780
6723 -780
6725 -781
6727 -782
6729 -783
6731 -784
6732 -784
6734 -785
6736 -786
6738 -787
6739 -787
6741 -788
6743 -789
6745 -790
6747 -791
6748 -791
6750 -792
6751 -792
6752 -792
6754 -793
6756 -794
6758 -795
6760 -796
6762 -797
6764 -798
6766 -799
6768 -800
6770 -801
6771 -801
6773 -802
6775 -803
6777 -804
6779 -805
6780 -805
6782 -806
6784 -807
6786 -808
6787 -808
6789 -809
6791 -810
6793 -811
6795 -812
6796 -812
6798 -813
6800 -814
6802 -815
6803 -815
6805 -816
6807 -817
6809 -818
6810 -818
6812 -819
6814 -820
6816 -821
6817 -821
6818 -821
6819 -821
6821 -822
6822 -822
6823 -822
6824 -822
6826 -823
6827 -823
6828 -823
6829 -823
6831 -824
6832 -824
6833 -824
6834 -824
6836 -825
6837 -825
6838 -825
6839 -825
6841 -826
6842 -826
6843 -826
6844 -826
6846 -827
6847 -827
6848 -827
6849 -827
6851 -828
6852 -828
6853 -828
6854 -828
6856 -829
6857 -829
6858 -829
6859 -829
6861 -830
6862 -830
6863 -830
6864 -830
6866 -831
6867 -831
6868 -831
6869 -831
6871 -832
6872 -832
6873 -832
6874 -832
6876 -833
6877 -833
6878 -833
6879 -833
6881 -834
6882 -834
6883 -834
6884 -834
6886 -835
6887 -835
6888 -835
6889 -835
6891 -836
6892 -836
6893 -836
6894 -836
6896 -837
6897 -837
6898 -837
6899 -837
6901 -838
6902 -838
6903 -838
6904 -838
6906 -839
6907 -839
6908 -839
6910 -840
6911 -840
6912 -840
6913 -840
6915 -841
6916 -841
6917 -841
6918 -841
6920 -842
6921 -842
6922 -842
6923 -842
6925 -843
6926 -843
6927 -843
6929 -844
6930 -844
6931 -844
6932 -844
6934 -845
6935 -845
6936 -845
6937 -845
6939 -846
6940 -846
6941 -846
6943 -847
6944 -847
6945 -847
6946 -847
6948 -848
6949 -848
6950 -848
6952 -849
6953 -849
6954 -849
6955 -849
6957 -850
6958 -850
6959 -850
6961 -851
6962 -851
6963 -851
6964 -851
6966 -852
6967 -852
6968 -852
6970 -853
6971 -853
6972 -853
6973 -853
6975 -854
6976 -854
6977 -854
6979 -855
6980 -855
6981 -855
6982 -855
6984 -856
6985 -856
6986 -856
6987 -856
6988 -856
6989 -856
6990 -856
6991 -856
6992 -856
6993 -856
6994 -856
6995 -856
6996 -856
6997 -856
6998 -856
6999 -856
7000 -856
7001 -856
7002 -856
7003 -856
7004 -856
7005 -856
7006 -856
7007 -856
7008 -856
7009 -856
7010 -856
7011 -856
7012 -856
7013 -856
7014 -856
7015 -856
7016 -856
7017 -856
7018 -856
7019 -856
7020 -856
7021 -856
7022 -856
7023 -856
7024 -856
7025 -856
7026 -856
7027 -856
7028 -856
7029 -856
7030 -856
7031 -856
7032 -856
7033 -856
7034 -856
7035 -856
7036 -856
7037 -856
7038 -856
7039 -856
7040 -856
7041 -856
7042 -856
7043 -856
7044 -856
7045 -856
7046 -856
7047 -856
7048 -856
7049 -856
7050 -856
7051 -856
7052 -856
7053 -856
7054 -856
7055 -856
7057 -857
7059 -858
7061 -859
7062 -859
7063 -859
7064 -859
7065 -859
7066 -859
7067 -859
7068 -859
7069 -859
7070 -859
7071 -859
7072 -859
7073 -859
7074 -859
7075 -859
7076 -859
7077 -859
7078 -859
7079 -859
7080 -859
7081 -859
7082 -859
7083 -859
7084 -859
7085 -859
7086 -859
7087 -859
7088 -859
7089 -859
7090 -859
7091 -859
7092 -859
7093 -859
7094 -859
7095 -859
7096 -859
7097 -859
7098 -859
7099 -859
7100 -859
7101 -859
7102 -859
7103 -859
7104 -859
7105 -859
7106 -859
7107 -859
7108 -859
7109 -859
7110 -859
7111 -859
7112 -859
7113 -859
7114 -859
7115 -859
7116 -859
7117 -859
7118 -859
7119 -859
7120 -859
7121 -859
7122 -859
7123 -859
7124 -859
7125 -859
7126 -859
7127 -859
7128 -859
7129 -859
7130 -859
7131 -859
7133 -860
7134 -862
7135 -864
7136 -866
7137 -868
7138 -870
7139 -872
7140 -874
7141 -876
7142 -878
7143 -880
7144 -882
7145 -884
7146 -886
7147 -888
7148 -890
7149 -892
7150 -894
7151 -896
7152 -898
7153 -900
7154 -902
7155 -904
7156 -906
7157 -908
7158 -910
7159 -912
7160 -914
7161 -916
7162 -918
7163 -920
7164 -922
7165 -924
7166 -926
7167 -928
7168 -930
7169 -932
7170 -934
7171 -936
7172 -938
7173 -940
7174 -942
7175 -944
7176 -946
7177 -948
7178 -950
7179 -952
7180 -954
7181 -956
7182 -958
7183 -960
7184 -962
7185 -964
7186 -966
7187 -968
7188 -970
7189 -972
7190 -974
7191 -976
7192 -978
7193 -980
7194 -982
7195 -984
7196 -986
7197 -988
7198 -990
7199 -992
7200 -994
7201 -996
7202 -998
7203 -1000
7204 -1002
7205 -1004
7206 -1006
7207 -1008
7208 -1010
7209 -1012
7210 -1014
7211 -1016
7212 -1018
7213 -1020
7214 -1022
7215 -1024
7216 -1026
7217 -1028
7218 -1030
7219 -1032
7220 -1034
7221 -1036
7222 -1038
7223 -1040
7224 -1042
7225 -1044
7226 -1046
7227 -1048
7228 -1050
7229 -1052
7230 -1054
7231 -1056
7232 -1058
7233 -1060
7234 -1062
7235 -1064
7236 -1066
7237 -1068
7238 -1070
7239 -1072
7240 -1074
7241 -1076
7242 -1078
7243 -1080
7244 -1082
7245 -1084
7246 -1086
7247 -1088
7248 -1090
7249 -1092
7250 -1094
7251 -1096
7252 -1098
7253 -1100
7254 -1102
7255 -1104
7256 -1106
7257 -1108
7258 -1110
7259 -1112
7260 -1114
7261 -1116
7262 -1118
7262 -1119
7262 -1120
7262 -1121
7261 -1123
7260 -1125
7260 -1126
7259 -1128
7259 -1129
7258 -1131
7258 -1132
7257 -1134
7257 -1135
7256 -1137
7256 -1138
7255 -1140
7255 -1141
7254 -1143
7254 -1144
7253 -1146
7252 -1148
7251 -1150
7250 -1152
7251 -1154
7251 -1155
7251 -1156
7251 -1157
7250 -1159
7249 -1161
7249 -1162
7248 -1164
7248 -1165
7247 -1167
7246 -1169
7245 -1171
7246 -1173
7247 -1175
7248 -1177
7249 -1179
7251 -1180
7253 -1181
7254 -1181
7256 -1182
7257 -1184
7258 -1186
7259 -1188
7260 -1190
7261 -1192
7262 -1194
7263 -1196
7264 -1198
7265 -1200
7266 -1202
7267 -1204
7268 -1206
7269 -1208
7270 -1210
7271 -1212
7272 -1214
7273 -1216
7274 -1218
7275 -1220
7276 -1222
7277 -1224
7278 -1226
7279 -1228
7280 -1230
7281 -1232
7282 -1234
7283 -1236
7284 -1238
7285 -1240
7286 -1242
7287 -1244
7288 -1246
7289 -1248
7290 -1250
7291 -1252
7292 -1254
7293 -1256
7294 -1258
7295 -1260
7296 -1262
7297 -1264
7298 -1266
7299 -1268
7300 -1270
7301 -1272
7302 -1274
7303 -1276
7304 -1278
7305 -1280
7306 -1282
7307 -1284
7308 -1286
7309 -1288
7310 -1290
7311 -1292
7312 -1294
7313 -1296
7314 -1298
7315 -1300
7316 -1302
7317 -1304
7318 -1306
7319 -1308
7320 -1310
7321 -1312
7322 -1314
7323 -1316
7324 -1318
7325 -1320
7326 -1322
7327 -1324
7328 -1326
7329 -1328
7330 -1330
7331 -1332
7332 -1334
7333 -1336
7334 -1338
7335 -1340
7336 -1342
7337 -1344
7338 -1346
7339 -1348
7340 -1350
7341 -1352
7342 -1354
7343 -1356
7344 -1358
7345 -1360
7346 -1362
7347 -1364
7348 -1366
7349 -1368
7350 -1370
7351 -1372
7352 -1374
7353 -1376
7354 -1378
7355 -1380
7356 -1382
7357 -1384
7358 -1386
7359 -1388
7360 -1390
7361 -1392
7362 -1394
7363 -1396
7364 -1398
7365 -1400
7366 -1402
7367 -1404
7368 -1406
7369 -1408
7370 -1410
7371 -1412
7372 -1414
7373 -1416
7374 -1418
7375 -1420
7376 -1422
7377 -1424
7378 -1426
7379 -1428
7380 -1430
7381 -1432
7382 -1434
7383 -1436
7384 -1438
7385 -1440
7386 -1442
7387 -1444
7388 -1446
7389 -1448
7390 -1450
7391 -1452
7392 -1454
7393 -1456
7394 -1458
7395 -1460
7396 -1462
7397 -1464
7398 -1466
7399 -1468
7400 -1470
7401 -1472
7402 -1474
7403 -1476
7404 -1478
7405 -1480
7406 -1482
7407 -1484
7408 -1486
7409 -1488
7410 -1490
7411 -1492
7412 -1494
7413 -1496
7414 -1498
7415 -1500
7416 -1502
7417 -1504
7418 -1506
7419 -1508
7420 -1510
7421 -1512
7422 -1514
7423 -1516
7424 -1518
7425 -1520
7426 -1522
7427 -1524
7428 -1526
7429 -1528
7430 -1530
7431 -1532
7432 -1534
7433 -1536
7434 -1538
7435 -1540
7436 -1542
7437 -1544
7438 -1546
7439 -1548
7440 -1550
7441 -1552
7442 -1554
7443 -1556
7444 -1558
7445 -1560
7446 -1562
7447 -1564
7448 -1566
7449 -1568
7450 -1570
7451 -1572
7452 -1574
7453 -1576
7454 -1578
7455 -1580
7456 -1582
7457 -1584
7458 -1586
7459 -1588
7460 -1590
7461 -1592
7462 -1594
7463 -1596
7464 -1598
7465 -1600
7466 -1602
7467 -1604
7468 -1606
7469 -1608
7470 -1610
7471 -1612
7472 -1614
7473 -1616
7474 -1618
7475 -1620
7476 -1622
7477 -1624
7478 -1626
7479 -1628
7480 -1630
7481 -1632
7482 -1634
7483 -1636
7484 -1638
7485 -1640
7486 -1642
7487 -1644
7488 -1646
7489 -1648
7490 -1650
7491 -1652
7491 -1653
7491 -1654
7491 -1655
7490 -1657
7490 -1658
7489 -1660
7489 -1661
7488 -1663
7487 -1665
7488 -1667
7489 -1669
7490 -1671
7491 -1673
7492 -1675
7493 -1677
7494 -1679
7495 -1681
7496 -1683
7497 -1685
7498 -1687
7499 -1689
7499 -1690
7498 -1692
7498 -1693
7497 -1695
7497 -1696
7496 -1698
7496 -1699
7496 -1700
7495 -1702
7495 -1703
7494 -1705
7494 -1706
7493 -1708
7493 -1709
7493 -1710
7492 -1712
7492 -1713
7491 -1715
7491 -1716
7490 -1718
7490 -1719
7489 -1721
7489 -1722
7489 -1723
7488 -1725
7488 -1726
7487 -1728
7487 -1729
7486 -1731
7486 -1732
7486 -1733
7485 -1735
7485 -1736
7484 -1738
7484 -1739
7483 -1741
7483 -1742
7483 -1743
7482 -1745
7482 -1746
7481 -1748
7481 -1749
7480 -1751
7480 -1752
7480 -1753
7479 -1755
7479 -1756
7478 -1758
7478 -1759
7477 -1761
7477 -1762
7476 -1764
7477 -1766
7478 -1768
7479 -1770
7480 -1772
7481 -1774
7482 -1776
7483 -1778
7484 -1780
7485 -1782
7486 -1784
7487 -1786
7488 -1788
7489 -1790
7490 -1792
7491 -1794
7492 -1796
7493 -1798
7494 -1800
7495 -1802
7496 -1804
7497 -1806
7498 -1808
7499 -1810
7500 -1812
7501 -1814
7502 -1816
7503 -1818
7504 -1820
7505 -1822
7506 -1824
7507 -1826
7508 -1828
7509 -1830
7510 -1832
7511 -1834
7512 -1836
7513 -1838
7514 -1840
7515 -1842
7517 -1843
7518 -1845
7520 -1846
7522 -1847
7523 -1849
7525 -1850
7527 -1851
7528 -1853
7529 -1855
7530 -1857
7531 -1859
7532 -1861
7533 -1863
7534 -1865
7535 -1867
7536 -1869
7537 -1871
7538 -1873
7539 -1875
7540 -1877
7541 -1879
7542 -1881
7543 -1883
7544 -1885
7545 -1887
7546 -1889
7547 -1891
7548 -1893
7549 -1895
7550 -1897
7551 -1899
7552 -1901
7553 -1903
7554 -1905
7555 -1907
7556 -1909
7557 -1911
7558 -1913
7559 -1915
7560 -1917
7561 -1919
7562 -1921
7563 -1923
7564 -1925
7565 -1927
7566 -1929
7567 -1931
7568 -1933
7569 -1935
7570 -1937
7571 -1939
7572 -1941
7573 -1943
7574 -1945
7575 -1947
7576 -1949
7577 -1951
7578 -1953
7579 -1955
7580 -1957
7581 -1959
7582 -1961
7583 -1963
7584 -1965
7585 -1967
7586 -1969
7587 -1971
7588 -1973
7589 -1975
7590 -1977
7591 -1979
7592 -1981
7593 -1983
7594 -1985
7595 -1987
7596 -1989
7597 -1991
7598 -1993
7599 -1995
7600 -1997
7601 -1999
7602 -2001
7603 -2003
7604 -2005
7605 -2007
7606 -2009
7607 -2011
7608 -2013
7609 -2015
7610 -2017
7611 -2019
7612 -2021
7613 -2023
7614 -2025
7615 -2027
7616 -2029
7617 -2031
7618 -2033
7619 -2035
7620 -2037
7621 -2039
7622 -2041
7623 -2043
7624 -2045
7625 -2047
7626 -2049
7627 -2051
7628 -2053
7629 -2055
7630 -2057
7631 -2059
7632 -2061
7633 -2063
7634 -2065
7635 -2067
7636 -2069
7637 -2071
7638 -2073
7639 -2075
7640 -2077
7641 -2079
7642 -2081
7643 -2083
7644 -2085
7645 -2087
7646 -2089
7647 -2091
7648 -2093
7649 -2095
7650 -2097
7651 -2099
7652 -2101
7653 -2103
7654 -2105
7655 -2107
7656 -2109
7657 -2111
7658 -2113
7660 -2114
7662 -2115
7663 -2115
7664 -2115
7665 -2115
7667 -2116
7669 -2117
7670 -2119
7671 -2121
7672 -2123
7673 -2125
7674 -2127
7675 -2129
7676 -2131
7677 -2133
7678 -2135
7679 -2137
7680 -2139
7681 -2141
7682 -2143
7683 -2145
7684 -2147
7685 -2149
7686 -2151
7687 -2153
7688 -2155
7689 -2157
7690 -2159
7691 -2161
7692 -2163
7693 -2165
7694 -2167
7695 -2169
7696 -2171
7697 -2173
7698 -2175
7699 -2177
7700 -2179
7701 -2181
7702 -2183
7703 -2185
7704 -2187
7705 -2189
7706 -2191
7707 -2193
7708 -2195
7709 -2197
7710 -2199
7711 -2201
7712 -2203
7713 -2205
7714 -2207
7715 -2209
7716 -2211
7717 -2213
7718 -2215
7719 -2217
7720 -2219
7721 -2221
7722 -2223
7723 -2225
7724 -2227
7725 -2229
7726 -2231
7727 -2233
7728 -2235
7729 -2237
7730 -2239
7731 -2241
7732 -2243
7733 -2245
7734 -2247
7735 -2249
7736 -2251
7737 -2253
7738 -2255
7739 -2257
7740 -2259
7741 -2261
7742 -2263
7743 -2265
7744 -2267
7745 -2269
7745 -2270
7745 -2271
7745 -2272
7744 -2274
7744 -2275
7743 -2277
7743 -2278
7742 -2280
7742 -2281
7741 -2283
7741 -2284
7740 -2286
7740 -2287
7739 -2289
7739 -2290
7738 -2292
7738 -2293
7737 -2295
7737 -2296
7736 -2298
7736 -2299
7735 -2301
7736 -2303
7737 -2305
7738 -2307
7739 -2309
7740 -2311
7741 -2313
7742 -2315
7743 -2317
7744 -2319
7745 -2321
7746 -2323
7747 -2325
7748 -2327
7749 -2329
7750 -2331
7751 -2333
7752 -2335
7753 -2337
7754 -2339
7755 -2341
7756 -2343
7757 -2345
7758 -2347
7759 -2349
7760 -2351
7761 -2353
7762 -2355
7763 -2357
7764 -2359
7765 -2361
7766 -2363
7767 -2365
7768 -2367
7769 -2369
7770 -2371
7771 -2373
7772 -2375
7773 -2377
7774 -2379
7775 -2381
7776 -2383
7777 -2385
7778 -2387
7778 -2388
7778 -2389
7778 -2390
7777 -2392
7777 -2393
7776 -2395
7776 -2396
7775 -2398
7775 -2399
7774 -2401
7774 -2402
7773 -2404
7773 -2405
7772 -2407
7772 -2408
7771 -2410
7771 -2411
7770 -2413
7770 -2414
7769 -2416
7769 -2417
7768 -2419
7768 -2420
7767 -2422
7767 -2423
7766 -2425
7765 -2427
7764 -2429
7763 -2431
7764 -2433
7765 -2435
7766 -2437
7767 -2439
7768 -2441
7769 -2443
7770 -2445
7771 -2447
7772 -2449
7773 -2451
7774 -2453
7775 -2455
7776 -2457
7777 -2459
7778 -2461
7779 -2463
7780 -2465
7781 -2467
7782 -2469
7783 -2471
7784 -2473
7785 -2475
7786 -2477
7787 -2479
7788 -2481
7789 -2483
7790 -2485
7791 -2487
7792 -2489
7793 -2491
7794 -2493
7795 -2495
7796 -2497
7797 -2499
7798 -2501
7799 -2503
7800 -2505
7801 -2507
7802 -2509
7803 -2511
7804 -2513
7805 -2515
7806 -2517
7807 -2519
7808 -2521
7809 -2523
7810 -2525
7811 -2527
7812 -2529
7813 -2531
7814 -2533
7815 -2535
7816 -2537
7817 -2539
7818 -2541
7819 -2543
7820 -2545
7821 -2547
7822 -2549
7823 -2551
7824 -2553
7825 -2555
7826 -2557
7827 -2559
7828 -2561
7829 -2563
7830 -2565
7831 -2567
7832 -2569
7833 -2571
7834 -2573
7835 -2575
7836 -2577
7837 -2579
7838 -2581
7839 -2583
7841 -2584
7843 -2585
7844 -2585
7845 -2585
7846 -2585
7847 -2585
7849 -2586
7850 -2586
7851 -2586
7852 -2586
7854 -2587
7855 -2589
7857 -2590
7858 -2592
7860 -2593
7861 -2595
7863 -2596
7864 -2598
7866 -2599
7867 -2601
7868 -2603
7870 -2604
7871 -2606
7873 -2607
7874 -2609
7876 -2610
7877 -2612
7879 -2613
7880 -2615
7881 -2617
7883 -2618
7884 -2620
7886 -2621
7887 -2623
7889 -2624
7890 -2626
7891 -2628
7893 -2629
7894 -2631
7896 -2632
7897 -2634
7899 -2635
7900 -2637
7902 -2638
7903 -2640
7904 -2642
7906 -2643
7907 -2645
7909 -2646
7910 -2648
7912 -2649
7913 -2651
7915 -2652
7916 -2654
7917 -2656
7919 -2657
7920 -2659
7922 -2660
7923 -2662
7925 -2663
7926 -2665
7928 -2666
7930 -2667
7932 -2668
7933 -2668
7934 -2668
7935 -2668
7936 -2668
7938 -2669
7939 -2669
7940 -2669
7941 -2669
7942 -2669
7944 -2670
7945 -2670
7946 -2670
7947 -2670
7948 -2670
7950 -2671
7951 -2671
7952 -2671
7953 -2671
7955 -2672
7956 -2672
7957 -2672
7959 -2673
7960 -2675
7961 -2677
7962 -2679
7963 -2681
7964 -2683
7965 -2685
7966 -2687
7967 -2689
7968 -2691
7969 -2693
7970 -2695
7971 -2697
7972 -2699
7973 -2701
7974 -2703
7975 -2705
7976 -2707
7977 -2709
7978 -2711
7979 -2713
7980 -2715
7981 -2717
7982 -2719
7983 -2721
7984 -2723
7985 -2725
7986 -2727
7987 -2729
7988 -2731
7989 -2733
7990 -2735
7991 -2737
7992 -2739
7993 -2741
7994 -2743
7995 -2745
7996 -2747
7997 -2749
7998 -2751
7999 -2753
8000 -2755
8001 -2757
8002 -2759
8003 -2761
8004 -2763
8005 -2765
8006 -2767
8007 -2769
8008 -2771
8009 -2773
8010 -2775
8011 -2777
8012 -2779
8013 -2781
8014 -2783
8015 -2785
8016 -2787
8017 -2789
8018 -2791
8019 -2793
8020 -2795
8021 -2797
8022 -2799
8023 -2801
8024 -2803
8025 -2805
8026 -2807
8027 -2809
8028 -2811
8029 -2813
8030 -2815
8031 -2817
8032 -2819
8033 -2821
8034 -2823
8035 -2825
8036 -2827
8037 -2829
8038 -2831
8039 -2833
8040 -2835
8042 -2836
8044 -2837
8045 -2837
8046 -2837
8047 -2837
8048 -2837
8050 -2838
8051 -2838
8052 -2838
8053 -2838
8054 -2838
8056 -2839
8057 -2839
8058 -2839
8059 -2839
8060 -2839
8062 -2840
8063 -2840
8064 -2840
8065 -2840
8067 -2841
8068 -2841
8069 -2841
8070 -2841
8071 -2841
8072 -2841
8074 -2842
8075 -2844
8076 -2846
8077 -2848
8078 -2850
8079 -2852
8080 -2854
8081 -2856
8082 -2858
8083 -2860
8084 -2862
8085 -2864
8086 -2866
8087 -2868
8088 -2870
8089 -2872
8090 -2874
8091 -2876
8092 -2878
8093 -2880
8094 -2882
8095 -2884
8096 -2886
8097 -2888
8098 -2890
8099 -2892
8100 -2894
8101 -2896
8102 -2898
8103 -2900
8104 -2902
8105 -2904
8106 -2906
8107 -2908
8108 -2910
8109 -2912
8110 -2914
8111 -2916
8112 -2918
8113 -2920
8114 -2922
8115 -2924
8116 -2926
8117 -2928
8118 -2930
8119 -2932
8120 -2934
8121 -2936
8122 -2938
8123 -2940
8124 -2942
8125 -2944
8126 -2946
8127 -2948
8128 -2950
8129 -2952
8130 -2954
8131 -2956
8132 -2958
8133 -2960
8133 -2961
8133 -2962
8133 -2963
8132 -2965
8132 -2966
8131 -2968
8131 -2969
8130 -2971
8130 -2972
8129 -2974
8129 -2975
8128 -2977
8128 -2978
8127 -2980
8127 -2981
8126 -2983
8126 -2984
8125 -2986
8125 -2987
8124 -2989
8124 -2990
8123 -2992
8123 -2993
8122 -2995
8122 -2996
8121 -2998
8121 -2999
8120 -3001
8119 -3003
8118 -3005
8117 -3007
8116 -3009
8115 -3011
8114 -3013
8115 -3015
8116 -3017
8117 -3019
8118 -3021
8119 -3023
8120 -3025
8121 -3027
8122 -3029
8123 -3031
8124 -3033
8125 -3035
8126 -3037
8128 -3038
8130 -3039
8131 -3039
8132 -3039
8133 -3039
8134 -3039
8135 -3039
8137 -3040
8138 -3040
8139 -3040
8140 -3040
8141 -3040
8142 -3040
8144 -3041
8145 -3041
8146 -3041
8147 -3041
8148 -3041
8149 -3041
8151 -3042
8152 -3042
8153 -3042
8154 -3042
8155 -3042
8156 -3042
8157 -3042
8158 -3042
8159 -3042
8160 -3042
8161 -3042
8163 -3043
8164 -3045
8165 -3047
8166 -3049
8167 -3051
8168 -3053
8169 -3055
8170 -3057
8171 -3059
8172 -3061
8173 -3063
8174 -3065
8175 -3067
8176 -3069
8177 -3071
8178 -3073
8179 -3075
8180 -3077
8181 -3079
8182 -3081
8183 -3083
8184 -3085
8185 -3087
8186 -3089
8187 -3091
8188 -3093
8189 -3095
8190 -3097
8191 -3099
8192 -3101
8193 -3103
8194 -3105
8195 -3107
8196 -3109
8197 -3111
8198 -3113
8199 -3115
8200 -3117
8201 -3119
8202 -3121
8203 -3123
8204 -3125
8206 -3126
8208 -3127
8209 -3127
8210 -3127
8211 -3127
8212 -3127
8213 -3127
8215 -3128
8216 -3128
8217 -3128
8218 -3128
8219 -3128
8221 -3129
8222 -3129
8223 -3129
8224 -3129
8225 -3129
8226 -3129
8228 -3130
8229 -3130
8230 -3130
8231 -3130
8232 -3130
8234 -3131
8235 -3131
8236 -3131
8237 -3131
8238 -3131
8240 -3132
8241 -3132
8242 -3132
8243 -3132
8244 -3132
8246 -3133
8247 -3133
8248 -3133
8249 -3133
8250 -3133
8252 -3134
8253 -3134
8254 -3134
8255 -3134
8257 -3135
8258 -3135
8259 -3135
8260 -3135
8261 -3135
8262 -3135
8263 -3135
8264 -3135
8266 -3136
8267 -3138
8268 -3140
8269 -3142
8270 -3144
8271 -3146
8272 -3148
8273 -3150
8274 -3152
8275 -3154
8276 -3156
8277 -3158
8278 -3160
8279 -3162
8280 -3164
8281 -3166
8282 -3168
8283 -3170
8284 -3172
8285 -3174
8287 -3175
8289 -3176
8290 -3176
8291 -3176
8292 -3176
8294 -3177
8295 -3177
8296 -3177
8297 -3177
8299 -3178
8300 -3178
8301 -3178
8302 -3178
8303 -3178
8305 -3179
8306 -3179
8307 -3179
8308 -3179
8310 -3180
8311 -3180
8312 -3180
8313 -3180
8315 -3181
8316 -3181
8317 -3181
8318 -3181
8320 -3182
8321 -3182
8322 -3182
8323 -3182
8325 -3183
8326 -3183
8327 -3183
8328 -3183
8330 -3184
8331 -3184
8332 -3184
8334 -3185
8335 -3185
8336 -3185
8337 -3185
8339 -3186
8340 -3186
8341 -3186
8342 -3186
8344 -3187
8345 -3187
8346 -3187
8348 -3188
8349 -3188
8350 -3188
8351 -3188
8353 -3189
8354 -3189
8355 -3189
8357 -3190
8358 -3190
8359 -3190
8360 -3190
8362 -3191
8363 -3191
8364 -3191
8366 -3192
8367 -3192
8368 -3192
8370 -3193
8371 -3193
8372 -3193
8374 -3194
8375 -3196
8376 -3198
8377 -3200
8378 -3202
8379 -3204
8380 -3206
8381 -3208
8382 -3210
8383 -3212
8384 -3214
8385 -3216
8386 -3218
8387 -3220
8388 -3222
8389 -3224
8390 -3226
8391 -3228
8392 -3230
8393 -3232
8394 -3234
8395 -3236
8396 -3238
8397 -3240
8398 -3242
8399 -3244
8400 -3246
8401 -3248
8402 -3250
8403 -3252
8404 -3254
8405 -3256
8406 -3258
8407 -3260
8408 -3262
8409 -3264
8410 -3266
8411 -3268
8412 -3270
8413 -3272
8414 -3274
8415 -3276
8416 -3278
8417 -3280
8418 -3282
8419 -3284
8420 -3286
8421 -3288
8422 -3290
8423 -3292
8424 -3294
8425 -3296
8426 -3298
8427 -3300
8428 -3302
8429 -3304
8430 -3306
8431 -3308
8432 -3310
8433 -3312
8434 -3314
8435 -3316
8436 -3318
8437 -3320
8438 -3322
8439 -3324
8440 -3326
8441 -3328
8442 -3330
8443 -3332
8444 -3334
8445 -3336
8446 -3338
8447 -3340
8448 -3342
8449 -3344
8449 -3345
8449 -3346
8449 -3347
8448 -3349
8447 -3351
8447 -3352
8446 -3354
8446 -3355
8445 -3357
8445 -3358
8444 -3360
8444 -3361
8443 -3363
8443 -3364
8442 -3366
8442 -3367
8441 -3369
8440 -3371
8441 -3373
8442 -3375
8443 -3377
8444 -3379
8445 -3381
8446 -3383
8447 -3385
8448 -3387
8449 -3389
8450 -3391
8451 -3393
8452 -3395
8453 -3397
8454 -3399
8455 -3401
8456 -3403
8457 -3405
8458 -3407
8459 -3409
8460 -3411
8461 -3413
8462 -3415
8463 -3417
8464 -3419
8465 -3421
8466 -3423
8467 -3425
8468 -3427
8469 -3429
8470 -3431
8471 -3433
8472 -3435
8473 -3437
8474 -3439
8475 -3441
8476 -3443
8477 -3445
8478 -3447
8479 -3449
8480 -3451
8481 -3453
8482 -3455
8483 -3457
8484 -3459
8485 -3461
8486 -3463
8487 -3465
8488 -3467
8489 -3469
8490 -3471
8491 -3473
8492 -3475
8493 -3477
8494 -3479
8495 -3481
8496 -3483
8497 -3485
8498 -3487
8499 -3489
8500 -3491
8501 -3493
8502 -3495
8503 -3497
8504 -3499
8505 -3501
8506 -3503
8507 -3505
8508 -3507
8509 -3509
8510 -3511
8511 -3513
8512 -3515
8513 -3517
8514 -3519
8515 -3521
8516 -3523
8517 -3525
8518 -3527
8519 -3529
8520 -3531
8521 -3533
8522 -3535
8523 -3537
8524 -3539
8525 -3541
8526 -3543
8527 -3545
8528 -3547
8529 -3549
8530 -3551
8531 -3553
8532 -3555
8533 -3557
8534 -3559
8535 -3561
8536 -3563
8537 -3565
8538 -3567
8539 -3569
8540 -3571
8541 -3573
8542 -3575
8543 -3577
8544 -3579
8545 -3581
8546 -3583
8547 -3585
8548 -3587
8549 -3589
8550 -3591
8551 -3593
8552 -3595
8553 -3597
8554 -3599
8555 -3601
8556 -3603
8557 -3605
8558 -3607
8559 -3609
8560 -3611
8561 -3613
8562 -3615
8563 -3617
8564 -3619
8565 -3621
8566 -3623
8567 -3625
8568 -3627
8569 -3629
8570 -3631
8571 -3633
8572 -3635
8573 -3637
8574 -3639
8575 -3641
8576 -3643
8577 -3645
8578 -3647
8579 -3649
8580 -3651
8581 -3653
8582 -3655
8583 -3657
8584 -3659
8585 -3661
8586 -3663
8587 -3665
8588 -3667
8589 -3669
8590 -3671
8591 -3673
8592 -3675
8593 -3677
8594 -3679
8595 -3681
8596 -3683
8597 -3685
8598 -3687
8599 -3689
8600 -3691
8601 -3693
8602 -3695
8603 -3697
8604 -3699
8605 -3701
8606 -3703
8607 -3705
8608 -3707
8609 -3709
8610 -3711
8611 -3713
8612 -3715
8613 -3717
8614 -3719
8615 -3721
8616 -3723
8617 -3725
8618 -3727
8619 -3729
8620 -3731
8621 -3733
8622 -3735
8623 -3737
8624 -3739
8625 -3741
8626 -3743
8627 -3745
8628 -3747
8628 -3748
8628 -3749
8628 -3750
8627 -3752
8628 -3754
8629 -3756
8630 -3758
8631 -3760
8632 -3762
8633 -3764
8634 -3766
8635 -3768
8636 -3770
8637 -3772
8638 -3774
8639 -3776
8640 -3778
8641 -3780
8642 -3782
8643 -3784
8644 -3786
8645 -3788
8647 -3789
8648 -3791
8649 -3793
8650 -3795
8651 -3797
8652 -3799
8653 -3801
8654 -3803
8655 -3805
8656 -3807
8657 -3809
8658 -3811
8659 -3813
8660 -3815
8661 -3817
8662 -3819
8664 -3820
8666 -3821
8667 -3821
8668 -3821
8669 -3821
8670 -3821
8671 -3821
8672 -3821
8674 -3822
8675 -3822
8676 -3822
8677 -3822
8678 -3822
8679 -3822
8681 -3823
8682 -3823
8683 -3823
8684 -3823
8685 -3823
8686 -3823
8688 -3824
8689 -3824
8690 -3824
8691 -3824
8692 -3824
8694 -3825
8695 -3825
8696 -3825
8697 -3825
8699 -3826
8701 -3827
8702 -3829
8704 -3830
8705 -3832
8707 -3833
8708 -3835
8710 -3836
8712 -3837
8713 -3839
8715 -3840
8716 -3842
8718 -3843
8719 -3845
8721 -3846
8722 -3848
8723 -3850
8724 -3852
8725 -3854
8726 -3856
8727 -3858
8728 -3860
8729 -3862
8730 -3864
8731 -3866
8732 -3868
8733 -3870
8734 -3872
8735 -3874
8736 -3876
8737 -3878
8738 -3880
8739 -3882
8740 -3884
8742 -3885
8744 -3886
8745 -3886
8746 -3886
8747 -3886
8749 -3887
8750 -3887
8751 -3887
8752 -3887
8754 -3888
8755 -3888
8756 -3888
8757 -3888
8759 -3889
8760 -3889
8761 -3889
8762 -3889
8764 -3890
8765 -3890
8766 -3890
8768 -3891
8769 -3891
8770 -3891
8771 -3891
8773 -3892
8774 -3892
8775 -3892
8777 -3893
8778 -3893
8779 -3893
8781 -3894
8782 -3894
8783 -3894
8785 -3895
8786 -3895
8787 -3895
8789 -3896
8790 -3896
8792 -3897
8793 -3897
8794 -3897
8796 -3898
8797 -3898
8798 -3898
8800 -3899
8801 -3899
8803 -3900
8804 -3900
8806 -3901
8807 -3901
8808 -3901
8810 -3902
8811 -3902
8813 -3903
8814 -3903
8816 -3904
8817 -3904
8819 -3905
8820 -3905
8822 -3906
8823 -3906
8825 -3907
8826 -3907
8828 -3908
8829 -3908
8831 -3909
8832 -3909
8834 -3910
8835 -3910
8837 -3911
8838 -3911
8840 -3912
8842 -3913
8843 -3913
8845 -3914
8846 -3914
8848 -3915
8850 -3916
8851 -3916
8853 -3917
8855 -3918
8856 -3918
8858 -3919
8860 -3920
8861 -3920
8863 -3921
8865 -3922
8866 -3922
8868 -3923
8870 -3924
8872 -3925
8873 -3925
8875 -3926
8877 -3927
8879 -3928
8881 -3929
8883 -3930
8884 -3930
8886 -3931
8888 -3932
8890 -3933
8892 -3934
8894 -3935
8896 -3936
8898 -3937
8900 -3938
8902 -3939
8903 -3941
8904 -3943
8905 -3945
8906 -3947
8907 -3949
8908 -3951
8909 -3953
8910 -3955
8911 -3957
8912 -3959
8913 -3961
8914 -3963
8915 -3965
8916 -3967
8917 -3969
8918 -3971
8919 -3973
8920 -3975
8921 -3977
8922 -3979
8923 -3981
8924 -3983
8925 -3985
8926 -3987
8927 -3989
8928 -3991
8929 -3993
8930 -3995
8931 -3997
8932 -3999
8933 -4001
8934 -4003
8935 -4005
8936 -4007
8937 -4009
8938 -4011
8939 -4013
8940 -4015
8941 -4017
8942 -4019
8943 -4021
8944 -4023
8945 -4025
8946 -4027
8947 -4029
8948 -4031
8949 -4033
8950 -4035
8951 -4037
8952 -4039
8953 -4041
8954 -4043
8955 -4045
8956 -4047
8957 -4049
8958 -4051
8959 -4053
8960 -4055
8961 -4057
8962 -4059
8963 -4061
8964 -4063
8965 -4065
8966 -4067
8967 -4069
8968 -4071
8969 -4073
8970 -4075
8971 -4077
8972 -4079
8973 -4081
8974 -4083
8975 -4085
8976 -4087
8977 -4089
8978 -4091
8979 -4093
8980 -4095
8981 -4097
8982 -4099
8983 -4101
8984 -4103
8985 -4105
8986 -4107
8987 -4109
8988 -4111
8989 -4113
8990 -4115
8989 -4117
8990 -4119
8989 -4121
8990 -4123
8989 -4125
8990 -4127
8989 -4129
8990 -4131
8989 -4133
8990 -4135
8989 -4137
8990 -4139
8989 -4141
8990 -4143
8989 -4145
8990 -4147
8989 -4149
8990 -4151
8989 -4153
8990 -4155
8989 -4157
8990 -4159
8989 -4161
8990 -4163
8989 -4165
8990 -4167
8989 -4169
8990 -4171
8989 -4173
8990 -4175
8989 -4177
8990 -4179
8989 -4181
8990 -4183
8989 -4185
8990 -4187
8989 -4189
8990 -4191
8989 -4193
8990 -4195
8989 -4197
8990 -4199
8989 -4201
8990 -4203
8989 -4205
8990 -4207
8989 -4209
8990 -4211
8989 -4213
8990 -4215
8989 -4217
8990 -4219
8989 -4221
8990 -4223
8989 -4225
8990 -4227
8989 -4229
8990 -4231
8989 -4233
8990 -4235
8989 -4237
8990 -4239
8989 -4241
8990 -4243
8989 -4245
8990 -4247
8989 -4249
8990 -4251
8989 -4253
8990 -4255
8989 -4257
8990 -4259
8989 -4261
8990 -4263
8989 -4265
8990 -4267
8990 -4268
8990 -4269
8990 -4270
