3095
2790 8260
2789 8258
2788 8256
2787 8254
2786 8252
2785 8250
2784 8248
2783 8246
2782 8244
2781 8242
2780 8240
2779 8238
2778 8236
2777 8234
2776 8232
2775 8230
2774 8228
2773 8226
2772 8224
2771 8222
2770 8220
2769 8218
2768 8216
2767 8214
2766 8212
2765 8210
2764 8208
2763 8206
2762 8204
2761 8202
2760 8200
2759 8198
2758 8196
2757 8194
2756 8192
2755 8190
2754 8188
2753 8186
2752 8184
2751 8182
2750 8180
2749 8178
2748 8176
2747 8174
2746 8172
2745 8170
2744 8168
2743 8166
2742 8164
2741 8162
2740 8160
2739 8158
2738 8156
2737 8154
2736 8152
2735 8150
2734 8148
2733 8146
2732 8144
2731 8142
2730 8140
2729 8138
2728 8136
2727 8134
2726 8132
2725 8130
2724 8128
2723 8126
2722 8124
2721 8122
2720 8120
2719 8118
2718 8116
2717 8114
2716 8112
2715 8110
2714 8108
2713 8106
2712 8104
2711 8102
2710 8100
2709 8098
2708 8096
2707 8094
2706 8092
2705 8090
2706 8088
2706 8087
2706 8086
2707 8084
2707 8083
2707 8082
2708 8080
2708 8079
2709 8077
2709 8076
2709 8075
2710 8073
2710 8072
2711 8070
2711 8069
2711 8068
2712 8066
2712 8065
2712 8064
2713 8062
2713 8061
2714 8059
2714 8058
2714 8057
2715 8055
2715 8054
2716 8052
2715 8050
2714 8048
2713 8046
2712 8044
2711 8042
2710 8040
2709 8038
2708 8036
2707 8034
2706 8032
2704 8031
2702 8030
2701 8030
2699 8029
2698 8029
2697 8029
2695 8028
2694 8028
2692 8027
2691 8027
2690 8027
2688 8026
2687 8026
2686 8026
2684 8025
2683 8025
2681 8024
2680 8024
2679 8024
2677 8023
2676 8023
2674 8022
2673 8022
2672 8022
2670 8021
2669 8021
2667 8020
2666 8020
2665 8020
2663 8019
2662 8019
2660 8018
2659 8018
2658 8018
2656 8017
2655 8017
2653 8016
2652 8014
2651 8012
2650 8010
2649 8008
2648 8006
2647 8004
2646 8002
2645 8000
2644 7998
2643 7996
2642 7994
2641 7992
2640 7990
2639 7988
2638 7986
2637 7984
2636 7982
2635 7980
2634 7978
2633 7976
2632 7974
2631 7972
2630 7970
2629 7968
2628 7966
2627 7964
2626 7962
2625 7960
2624 7958
2623 7956
2622 7954
2621 7952
2620 7950
2619 7948
2618 7946
2617 7944
2616 7942
2615 7940
2614 7938
2613 7936
2612 7934
2611 7932
2610 7930
2609 7928
2608 7926
2607 7924
2606 7922
2605 7920
2604 7918
2603 7916
2602 7914
2601 7912
2600 7910
2599 7908
2598 7906
2597 7904
2596 7902
2595 7900
2594 7898
2593 7896
2592 7894
2591 7892
2590 7890
2589 7888
2588 7886
2587 7884
2586 7882
2585 7880
2584 7878
2583 7876
2582 7874
2581 7872
2580 7870
2579 7868
2578 7866
2577 7864
2576 7862
2575 7860
2574 7858
2573 7856
2572 7854
2571 7852
2570 7850
2569 7848
2568 7846
2567 7844
2566 7842
2565 7840
2564 7838
2563 7836
2562 7834
2561 7832
2560 7830
2559 7828
2558 7826
2557 7824
2556 7822
2555 7820
2554 7818
2553 7816
2552 7814
2551 7812
2550 7810
2549 7808
2548 7806
2547 7804
2546 7802
2545 7800
2544 7798
2543 7796
2542 7794
2541 7792
2540 7790
2539 7788
2538 7786
2537 7784
2536 7782
2535 7780
2534 7778
2533 7776
2532 7774
2531 7772
2530 7770
2529 7768
2528 7766
2527 7764
2526 7762
2525 7760
2524 7758
2523 7756
2522 7754
2521 7752
2520 7750
2519 7748
2518 7746
2517 7744
2516 7742
2515 7740
2514 7738
2513 7736
2512 7734
2511 7732
2511 7731
2512 7729
2513 7727
2514 7725
2515 7723
2514 7721
2513 7719
2512 7717
2511 7715
2511 7714
2511 7713
2511 7712
2511 7711
2511 7710
2511 7709
2511 7708
2511 7707
2511 7706
2511 7705
2512 7703
2511 7701
2510 7699
2509 7697
2508 7695
2507 7693
2506 7691
2505 7689
2504 7687
2503 7685
2502 7683
2501 7681
2500 7679
2499 7677
2498 7675
2497 7673
2496 7671
2495 7669
2494 7667
2493 7665
2493 7664
2493 7663
2493 7662
2494 7660
2493 7658
2492 7656
2491 7654
2490 7652
2489 7650
2488 7648
2487 7646
2486 7644
2485 7642
2484 7640
2483 7638
2482 7636
2481 7634
2480 7632
2479 7630
2478 7628
2477 7626
2476 7624
2475 7622
2474 7620
2473 7618
2472 7616
2471 7614
2470 7612
2469 7610
2468 7608
2467 7606
2466 7604
2465 7602
2464 7600
2463 7598
2462 7596
2461 7594
2460 7592
2459 7590
2458 7588
2457 7586
2456 7584
2455 7582
2454 7580
2453 7578
2452 7576
2451 7574
2450 7572
2449 7570
2448 7568
2447 7566
2446 7564
2445 7562
2444 7560
2443 7558
2442 7556
2441 7554
2440 7552
2439 7550
2438 7548
2437 7546
2436 7544
2435 7542
2434 7540
2433 7538
2432 7536
2431 7534
2430 7532
2429 7530
2428 7528
2427 7526
2426 7524
2425 7522
2424 7520
2423 7518
2421 7517
2420 7517
2419 7517
2417 7516
2416 7514
2414 7513
2413 7511
2411 7510
2409 7509
2407 7508
2406 7508
2404 7507
2403 7507
2402 7507
2400 7506
2399 7506
2397 7505
2396 7505
2395 7505
2393 7504
2392 7504
2390 7503
2389 7503
2388 7503
2386 7502
2385 7502
2383 7501
2382 7501
2381 7501
2379 7500
2378 7500
2376 7499
2375 7499
2374 7499
2372 7498
2371 7498
2369 7497
2368 7497
2367 7497
2365 7496
2364 7496
2362 7495
2361 7495
2360 7495
2358 7494
2357 7494
2355 7493
2354 7493
2353 7493
2351 7492
2350 7492
2348 7491
2347 7491
2346 7491
2344 7490
2343 7490
2341 7489
2340 7489
2338 7488
2337 7488
2336 7488
2334 7487
2333 7487
2331 7486
2330 7486
2329 7486
2327 7485
2326 7485
2324 7484
2323 7482
2322 7480
2320 7479
2319 7477
2318 7475
2317 7473
2316 7471
2314 7470
2313 7468
2312 7466
2311 7464
2309 7463
2308 7461
2307 7459
2306 7457
2305 7455
2303 7454
2302 7452
2301 7450
2300 7448
2298 7447
2297 7445
2296 7443
2295 7441
2294 7439
2292 7438
2291 7436
2290 7434
2289 7432
2287 7431
2286 7429
2285 7427
2284 7425
2283 7423
2281 7422
2280 7420
2279 7418
2278 7416
2276 7415
2275 7413
2274 7411
2273 7409
2272 7407
2270 7406
2269 7404
2268 7402
2267 7400
2266 7398
2265 7396
2264 7394
2263 7392
2262 7390
2261 7388
2260 7386
2259 7384
2258 7382
2257 7380
2256 7378
2255 7376
2254 7374
2253 7372
2252 7370
2251 7368
2250 7366
2249 7364
2248 7362
2247 7360
2246 7358
2245 7356
2244 7354
2243 7352
2242 7350
2241 7348
2240 7346
2239 7344
2238 7342
2237 7340
2236 7338
2235 7336
2234 7334
2233 7332
2232 7330
2231 7328
2230 7326
2229 7324
2228 7322
2227 7320
2226 7318
2225 7316
2224 7314
2223 7312
2222 7310
2221 7308
2220 7306
2219 7304
2218 7302
2217 7300
2216 7298
2215 7296
2214 7294
2213 7292
2212 7290
2211 7288
2210 7286
2209 7284
2208 7282
2207 7280
2206 7278
2205 7276
2204 7274
2203 7272
2202 7270
2201 7268
2201 7267
2201 7266
2201 7265
2202 7263
2202 7262
2202 7261
2202 7260
2202 7259
2203 7257
2203 7256
2203 7255
2203 7254
2203 7253
2204 7251
2204 7250
2204 7249
2204 7248
2205 7246
2205 7245
2205 7244
2205 7243
2205 7242
2206 7240
2206 7239
2206 7238
2206 7237
2206 7236
2207 7234
2207 7233
2207 7232
2207 7231
2207 7230
2208 7228
2208 7227
2208 7226
2208 7225
2208 7224
2209 7222
2209 7221
2209 7220
2209 7219
2210 7217
2210 7216
2210 7215
2210 7214
2210 7213
2211 7211
2211 7210
2211 7209
2211 7208
2211 7207
2212 7205
2212 7204
2212 7203
2212 7202
2212 7201
2213 7199
2213 7198
2213 7197
2213 7196
2213 7195
2214 7193
2214 7192
2214 7191
2214 7190
2215 7188
2215 7187
2215 7186
2215 7185
2215 7184
2216 7182
2216 7181
2216 7180
2216 7179
2216 7178
2217 7176
2217 7175
2217 7174
2217 7173
2217 7172
2218 7170
2218 7169
2218 7168
2218 7167
2219 7165
2218 7163
2217 7161
2216 7159
2215 7157
2214 7155
2213 7153
2212 7151
2211 7149
2210 7147
2209 7145
2208 7143
2207 7141
2206 7139
2205 7137
2203 7136
2201 7135
2199 7134
2197 7133
2195 7132
2193 7131
2191 7130
2189 7129
2187 7128
2185 7127
2183 7126
2181 7125
2179 7124
2177 7123
2176 7123
2174 7122
2172 7121
2170 7120
2168 7119
2166 7118
2164 7117
2163 7117
2161 7116
2160 7114
2159 7112
2158 7110
2157 7108
2156 7106
2155 7104
2154 7102
2153 7100
2152 7098
2151 7096
2150 7094
2149 7092
2148 7090
2147 7088
2146 7086
2144 7085
2142 7084
2141 7084
2139 7083
2138 7083
2136 7082
2135 7082
2134 7082
2132 7081
2131 7081
2129 7080
2128 7080
2127 7080
2125 7079
2124 7079
2122 7078
2121 7078
2120 7078
2118 7077
2117 7077
2115 7076
2114 7076
2112 7075
2111 7075
2110 7075
2108 7074
2107 7074
2105 7073
2104 7073
2103 7073
2101 7072
2100 7072
2098 7071
2097 7071
2095 7070
2094 7070
2093 7070
2091 7069
2090 7069
2088 7068
2087 7068
2085 7067
2084 7067
2083 7067
2081 7066
2080 7066
2078 7065
2077 7063
2076 7061
2075 7059
2074 7057
2073 7055
2072 7053
2071 7051
2070 7049
2069 7047
2068 7045
2067 7043
2066 7041
2065 7039
2064 7037
2063 7035
2062 7033
2062 7032
2062 7031
2062 7030
2062 7029
2062 7028
2062 7027
2062 7026
2062 7025
2062 7024
2062 7023
2062 7022
2062 7021
2062 7020
2062 7019
2062 7018
2062 7017
2062 7016
2062 7015
2062 7014
2063 7012
2062 7010
2061 7008
2060 7006
2059 7004
2058 7002
2057 7000
2056 6998
2055 6996
2054 6994
2053 6992
2052 6990
2051 6988
2050 6986
2049 6984
2048 6982
2047 6980
2046 6978
2045 6976
2044 6974
2043 6972
2042 6970
2041 6968
2040 6966
2039 6964
2038 6962
2037 6960
2036 6958
2035 6956
2034 6954
2033 6952
2032 6950
2031 6948
2030 6946
2029 6944
2028 6942
2027 6940
2026 6938
2025 6936
2024 6934
2023 6932
2022 6930
2021 6928
2020 6926
2019 6924
2018 6922
2017 6920
2016 6918
2015 6916
2014 6914
2013 6912
2012 6910
2011 6908
2010 6906
2009 6904
2008 6902
2007 6900
2006 6898
2005 6896
2003 6895
2001 6894
2000 6894
1998 6893
1997 6893
1995 6892
1994 6892
1993 6892
1991 6891
1990 6891
1988 6890
1987 6890
1985 6889
1984 6889
1982 6888
1981 6888
1980 6888
1978 6887
1977 6887
1975 6886
1974 6884
1973 6882
1972 6880
1971 6878
1970 6876
1969 6874
1968 6872
1967 6870
1966 6868
1965 6866
1964 6864
1963 6862
1962 6860
1961 6858
1960 6856
1959 6854
1958 6852
1957 6850
1956 6848
1955 6846
1954 6844
1953 6842
1952 6840
1951 6838
1950 6836
1949 6834
1948 6832
1947 6830
1946 6828
1945 6826
1944 6824
1943 6822
1942 6820
1941 6818
1940 6816
1939 6814
1938 6812
1937 6810
1936 6808
1935 6806
1934 6804
1933 6802
1932 6800
1931 6798
1930 6796
1929 6794
1928 6792
1927 6790
1926 6788
1925 6786
1924 6784
1923 6782
1922 6780
1921 6778
1920 6776
1919 6774
1918 6772
1917 6770
1916 6768
1915 6766
1914 6764
1913 6762
1912 6760
1911 6758
1910 6756
1909 6754
1908 6752
1907 6750
1906 6748
1905 6746
1904 6744
1903 6742
1902 6740
1901 6738
1900 6736
1899 6734
1898 6732
1897 6730
1896 6728
1895 6726
1894 6724
1894 6723
1894 6722
1894 6721
1895 6719
1896 6717
1897 6715
1897 6714
1898 6712
1899 6710
1899 6709
1900 6707
1901 6705
1901 6704
1902 6702
1902 6701
1903 6699
1904 6697
1904 6696
1905 6694
1906 6692
1906 6691
1907 6689
1907 6688
1908 6686
1909 6684
1909 6683
1910 6681
1910 6680
1911 6678
1912 6676
1912 6675
1913 6673
1913 6672
1914 6670
1915 6668
1915 6667
1916 6665
1916 6664
1917 6662
1918 6660
1918 6659
1919 6657
1919 6656
1920 6654
1921 6652
1920 6650
1919 6648
1918 6646
1917 6644
1916 6642
1915 6640
1914 6638
1913 6636
1912 6634
1911 6632
1910 6630
1909 6628
1908 6626
1907 6624
1906 6622
1905 6620
1904 6618
1903 6616
1902 6614
1901 6612
1900 6610
1899 6608
1898 6606
1897 6604
1896 6602
1895 6600
1894 6598
1893 6596
1892 6594
1891 6592
1890 6590
1889 6588
1888 6586
1887 6584
1886 6582
1885 6580
1884 6578
1883 6576
1882 6574
1881 6572
1880 6570
1879 6568
1878 6566
1877 6564
1876 6562
1875 6560
1874 6558
1873 6556
1872 6554
1871 6552
1870 6550
1869 6548
1868 6546
1867 6544
1866 6542
1865 6540
1864 6538
1863 6536
1862 6534
1861 6532
1860 6530
1859 6528
1858 6526
1857 6524
1856 6522
1855 6520
1854 6518
1853 6516
1852 6514
1851 6512
1850 6510
1849 6508
1848 6506
1847 6504
1846 6502
1845 6500
1844 6498
1843 6496
1842 6494
1841 6492
1840 6490
1839 6488
1838 6486
1837 6484
1836 6482
1835 6480
1834 6478
1833 6476
1832 6474
1831 6472
1830 6470
1829 6468
1828 6466
1827 6464
1826 6462
1825 6460
1824 6458
1823 6456
1822 6454
1821 6452
1820 6450
1819 6448
1818 6446
1817 6444
1816 6442
1815 6440
1814 6438
1813 6436
1812 6434
1811 6432
1810 6430
1809 6428
1807 6427
1805 6426
1804 6424
1802 6423
1800 6422
1798 6421
1796 6420
1795 6418
1793 6417
1791 6416
1789 6415
1787 6414
1785 6413
1784 6411
1782 6410
1780 6409
1778 6408
1777 6406
1776 6404
1775 6402
1774 6400
1773 6398
1772 6396
1771 6394
1770 6392
1769 6390
1768 6388
1767 6386
1766 6384
1765 6382
1764 6380
1763 6378
1762 6376
1761 6374
1760 6372
1759 6370
1758 6368
1757 6366
1756 6364
1755 6362
1754 6360
1753 6358
1752 6356
1751 6354
1750 6352
1749 6350
1748 6348
1747 6346
1746 6344
1745 6342
1744 6340
1743 6338
1742 6336
1741 6334
1740 6332
1739 6330
1738 6328
1737 6326
1736 6324
1735 6322
1734 6320
1733 6318
1732 6316
1731 6314
1730 6312
1729 6310
1728 6308
1727 6306
1726 6304
1725 6302
1724 6300
1723 6298
1722 6296
1721 6294
1720 6292
1719 6290
1718 6288
1717 6286
1716 6284
1715 6282
1714 6280
1713 6278
1712 6276
1711 6274
1710 6272
1709 6270
1708 6268
1707 6266
1706 6264
1705 6262
1704 6260
1703 6258
1702 6256
1701 6254
1700 6252
1699 6250
1698 6248
1697 6246
1696 6244
1695 6242
1694 6240
1693 6238
1692 6236
1691 6234
1690 6232
1689 6230
1688 6228
1687 6226
1686 6224
1685 6222
1684 6220
1683 6218
1682 6216
1681 6214
1680 6212
1679 6210
1678 6208
1677 6206
1676 6204
1675 6202
1674 6200
1673 6198
1672 6196
1671 6194
1670 6192
1669 6190
1668 6188
1667 6186
1666 6184
1665 6182
1664 6180
1663 6178
1662 6176
1661 6174
1660 6172
1659 6170
1658 6168
1657 6166
1655 6165
1654 6163
1653 6161
1652 6159
1651 6157
1650 6155
1649 6153
1648 6151
1647 6149
1646 6147
1645 6145
1644 6143
1643 6141
1642 6139
1641 6137
1640 6135
1639 6133
1638 6131
1637 6129
1636 6127
1635 6125
1634 6123
1633 6121
1632 6119
1631 6117
1630 6115
1629 6113
1628 6111
1627 6109
1626 6107
1625 6105
1624 6103
1623 6101
1622 6099
1621 6097
1620 6095
1619 6093
1618 6091
1617 6089
1616 6087
1615 6085
1614 6083
1613 6081
1612 6079
1611 6077
1610 6075
1610 6074
1611 6072
1610 6070
1609 6068
1608 6066
1607 6064
1606 6062
1605 6060
1604 6058
1603 6056
1602 6054
1601 6052
1600 6050
1599 6048
1598 6046
1597 6044
1596 6042
1595 6040
1594 6038
1593 6036
1592 6034
1591 6032
1590 6030
1589 6028
1588 6026
1587 6024
1586 6022
1585 6020
1584 6018
1583 6016
1582 6014
1581 6012
1580 6010
1579 6008
1578 6006
1577 6004
1576 6002
1575 6000
1574 5998
1573 5996
1572 5994
1571 5992
1570 5990
1569 5988
1568 5986
1567 5984
1566 5982
1565 5980
1564 5978
1563 5976
1562 5974
1561 5972
1560 5970
1559 5968
1558 5966
1557 5964
1556 5962
1555 5960
1554 5958
1553 5956
1552 5954
1551 5952
1550 5950
1549 5948
1548 5946
1547 5944
1546 5942
1545 5940
1544 5938
1543 5936
1542 5934
1541 5932
1540 5930
1539 5928
1538 5926
1537 5924
1536 5922
1535 5920
1534 5918
1533 5916
1532 5914
1531 5912
1530 5910
1529 5908
1528 5906
1527 5904
1526 5902
1525 5900
1524 5898
1523 5896
1522 5894
1521 5892
1520 5890
1519 5888
1518 5886
1517 5884
1516 5882
1515 5880
1514 5878
1513 5876
1512 5874
1511 5872
1510 5870
1509 5868
1508 5866
1507 5864
1506 5862
1505 5860
1504 5858
1503 5856
1502 5854
1501 5852
1500 5850
1499 5848
1498 5846
1497 5844
1496 5842
1495 5840
1494 5838
1493 5836
1492 5834
1491 5832
1490 5830
1489 5828
1488 5826
1487 5824
1486 5822
1485 5820
1484 5818
1483 5816
1482 5814
1481 5812
1480 5810
1479 5808
1478 5806
1477 5804
1476 5802
1475 5800
1474 5798
1473 5796
1472 5794
1471 5792
1470 5790
1469 5788
1468 5786
1467 5784
1466 5782
1465 5780
1464 5778
1463 5776
1462 5774
1461 5772
1460 5770
1459 5768
1458 5766
1457 5764
1456 5762
1455 5760
1454 5758
1453 5756
1452 5754
1451 5752
1450 5750
1449 5748
1448 5746
1447 5744
1446 5742
1445 5740
1444 5738
1443 5736
1442 5734
1441 5732
1440 5730
1439 5728
1438 5726
1437 5724
1436 5722
1435 5720
1434 5718
1433 5716
1432 5714
1431 5712
1430 5710
1429 5708
1428 5706
1427 5704
1426 5702
1425 5700
1424 5698
1423 5696
1422 5694
1421 5692
1420 5690
1419 5688
1418 5686
1417 5684
1416 5682
1415 5680
1414 5678
1413 5676
1412 5674
1411 5672
1410 5670
1409 5668
1408 5666
1407 5664
1406 5662
1405 5660
1404 5658
1403 5656
1402 5654
1401 5652
1400 5650
1399 5648
1398 5646
1397 5644
1397 5643
1397 5642
1397 5641
1398 5639
1399 5637
1400 5635
1400 5634
1401 5632
1401 5631
1402 5629
1403 5627
1403 5626
1404 5624
1404 5623
1405 5621
1406 5619
1406 5618
1407 5616
1407 5615
1408 5613
1409 5611
1409 5610
1410 5608
1410 5607
1411 5605
1412 5603
1412 5602
1413 5600
1413 5599
1414 5597
1414 5596
1415 5594
1416 5592
1417 5590
1416 5588
1415 5586
1414 5584
1413 5582
1412 5580
1411 5578
1410 5576
1409 5574
1408 5572
1407 5570
1406 5568
1405 5566
1404 5564
1403 5562
1402 5560
1401 5558
1400 5556
1399 5554
1398 5552
1397 5550
1396 5548
1395 5546
1394 5544
1393 5542
1392 5540
1391 5538
1390 5536
1389 5534
1388 5532
1387 5530
1386 5528
1385 5526
1384 5524
1383 5522
1382 5520
1381 5518
1380 5516
1379 5514
1378 5512
1377 5510
1376 5508
1375 5506
1374 5504
1373 5502
1372 5500
1371 5498
1370 5496
1369 5494
1368 5492
1367 5490
1366 5488
1365 5486
1364 5484
1363 5482
1362 5480
1361 5478
1360 5476
1359 5474
1358 5472
1357 5470
1356 5468
1355 5466
1354 5464
1353 5462
1352 5460
1351 5458
1350 5456
1349 5454
1348 5452
1347 5450
1346 5448
1345 5446
1344 5444
1343 5442
1342 5440
1341 5438
1340 5436
1339 5434
1338 5432
1337 5430
1336 5428
1335 5426
1334 5424
1333 5422
1332 5420
1331 5418
1330 5416
1329 5414
1328 5412
1327 5410
1326 5408
1325 5406
1324 5404
1323 5402
1322 5400
1321 5398
1320 5396
1319 5394
1318 5392
1316 5391
1314 5390
1313 5390
1311 5389
1310 5389
1309 5389
1307 5388
1305 5387
1304 5385
1303 5383
1302 5381
1301 5379
1300 5377
1299 5375
1298 5373
1297 5371
1296 5369
1295 5367
1294 5365
1293 5363
1292 5361
1291 5359
1290 5357
1289 5355
1288 5353
1287 5351
1286 5349
1285 5347
1284 5345
1283 5343
1282 5341
1281 5339
1280 5337
1279 5335
1278 5333
1277 5331
1276 5329
1275 5327
1274 5325
1273 5323
1272 5321
1271 5319
1270 5317
1269 5315
1268 5313
1267 5311
1266 5309
1265 5307
1264 5305
1263 5303
1262 5301
1261 5299
1260 5297
1259 5295
1258 5293
1257 5291
1256 5289
1255 5287
1254 5285
1253 5283
1252 5281
1251 5279
1250 5277
1249 5275
1248 5273
1247 5271
1246 5269
1245 5267
1244 5265
1243 5263
1242 5261
1241 5259
1240 5257
1239 5255
1238 5253
1237 5251
1236 5249
1235 5247
1234 5245
1233 5243
1232 5241
1231 5239
1230 5237
1229 5235
1228 5233
1227 5231
1226 5229
1225 5227
1224 5225
1223 5223
1222 5221
1221 5219
1220 5217
1219 5215
1218 5213
1217 5211
1216 5209
1215 5207
1214 5205
1213 5203
1212 5201
1211 5199
1210 5197
1209 5195
1208 5193
1207 5191
1206 5189
1205 5187
1204 5185
1203 5183
1202 5181
1201 5179
1200 5177
1199 5175
1198 5173
1197 5171
1196 5169
1195 5167
1194 5165
1193 5163
1192 5161
1191 5159
1190 5157
1189 5155
1188 5153
1187 5151
1186 5149
1185 5147
1184 5145
1183 5143
1182 5141
1181 5139
1180 5137
1179 5135
1178 5133
1177 5131
1176 5129
1175 5127
1174 5125
1173 5123
1172 5121
1171 5119
1170 5117
1169 5115
1168 5113
1167 5111
1166 5109
1165 5107
1164 5105
1163 5103
1162 5101
1161 5099
1160 5097
1159 5095
1158 5093
1157 5091
1156 5089
1155 5087
1154 5085
1153 5083
1152 5081
1151 5079
1150 5077
1149 5075
1148 5073
1147 5071
1146 5069
1145 5067
1144 5065
1143 5063
1142 5061
1141 5059
1140 5057
1139 5055
1138 5053
1137 5051
1136 5049
1135 5047
1133 5046
1131 5045
1130 5045
1128 5044
1127 5044
1126 5044
1124 5043
1123 5043
1121 5042
1120 5042
1119 5042
1117 5041
1116 5041
1114 5040
1113 5040
1112 5040
1110 5039
1109 5039
1107 5038
1106 5038
1105 5038
1103 5037
1102 5037
1100 5036
1099 5036
1098 5036
1097 5036
1096 5036
1094 5035
1093 5033
1092 5031
1091 5029
1090 5027
1089 5025
1088 5023
1087 5021
1086 5019
1085 5017
1084 5015
1083 5013
1082 5011
1081 5009
1080 5007
1079 5005
1078 5003
1077 5001
1076 4999
1075 4997
1074 4995
1073 4993
1072 4991
1071 4989
1070 4987
1069 4985
1068 4983
1067 4981
1066 4979
1065 4977
1064 4975
1063 4973
1062 4971
1061 4969
1060 4967
1059 4965
1058 4963
1057 4961
1055 4960
1053 4959
1052 4959
1050 4958
1049 4958
1047 4957
1046 4957
1045 4957
1043 4956
1042 4956
1040 4955
1039 4955
1038 4955
1036 4954
1035 4954
1033 4953
1032 4953
1030 4952
1029 4952
1028 4952
1026 4951
1025 4951
1023 4950
1022 4950
1020 4949
1019 4949
1017 4948
1016 4948
1015 4948
1013 4947
1011 4946
1010 4944
1008 4943
1007 4941
1006 4939
1005 4937
1003 4936
1002 4934
1001 4932
999 4931
998 4929
997 4927
995 4926
993 4925
991 4924
990 4924
988 4923
987 4923
985 4922
984 4922
982 4921
981 4921
979 4920
978 4920
976 4919
975 4919
974 4919
972 4918
971 4918
969 4917
968 4917
966 4916
964 4915
962 4914
960 4913
959 4911
957 4910
955 4909
953 4908
952 4906
950 4905
948 4904
946 4903
944 4902
943 4900
941 4899
939 4898
937 4897
936 4895
934 4894
932 4893
930 4892
929 4890
927 4889
925 4888
924 4886
923 4884
922 4882
921 4880
920 4878
919 4876
918 4874
917 4872
916 4870
915 4868
914 4866
913 4864
912 4862
911 4860
910 4858
909 4856
908 4854
907 4852
906 4850
905 4848
904 4846
903 4844
902 4842
901 4840
900 4838
899 4836
898 4834
897 4832
896 4830
895 4828
894 4826
893 4824
892 4822
891 4820
890 4818
889 4816
888 4814
887 4812
886 4810
885 4808
884 4806
883 4804
882 4802
881 4800
880 4798
879 4796
878 4794
877 4792
876 4790
875 4788
874 4786
873 4784
872 4782
871 4780
870 4778
869 4776
868 4774
867 4772
866 4770
865 4768
864 4766
863 4764
862 4762
860 4761
858 4760
856 4759
855 4759
853 4758
852 4758
850 4757
849 4757
847 4756
846 4756
844 4755
843 4755
842 4755
840 4754
839 4752
838 4750
837 4748
836 4746
835 4744
834 4742
833 4740
832 4738
831 4736
830 4734
829 4732
828 4730
827 4728
826 4726
825 4724
824 4722
823 4720
822 4718
821 4716
820 4714
819 4712
818 4710
817 4708
816 4706
815 4704
814 4702
813 4700
812 4698
811 4696
810 4694
809 4692
808 4690
807 4688
806 4686
805 4684
804 4682
803 4680
802 4678
801 4676
800 4674
799 4672
798 4670
797 4668
796 4666
795 4664
794 4662
793 4660
792 4658
791 4656
790 4654
789 4652
788 4650
787 4648
786 4646
785 4644
784 4642
783 4640
782 4638
782 4637
782 4636
782 4635
783 4633
784 4631
785 4629
786 4627
787 4625
788 4623
789 4621
789 4620
790 4618
791 4616
792 4614
792 4613
793 4611
794 4609
795 4607
795 4606
796 4604
797 4602
797 4601
798 4599
799 4597
800 4595
800 4594
801 4592
802 4590
802 4589
803 4587
804 4585
805 4583
806 4581
807 4579
808 4577
809 4575
810 4573
809 4571
808 4569
807 4567
806 4565
805 4563
804 4561
803 4559
802 4557
801 4555
800 4553
799 4551
798 4549
797 4547
796 4545
795 4543
794 4541
793 4539
792 4537
791 4535
790 4533
789 4531
788 4529
787 4527
786 4525
785 4523
784 4521
783 4519
782 4517
781 4515
780 4513
779 4511
778 4509
777 4507
776 4505
775 4503
774 4501
773 4499
772 4497
771 4495
770 4493
769 4491
768 4489
767 4487
766 4485
765 4483
764 4481
763 4479
762 4477
761 4475
760 4473
759 4471
758 4469
757 4467
756 4465
755 4463
754 4461
753 4459
752 4457
751 4455
750 4453
749 4451
748 4449
747 4447
746 4445
745 4443
744 4441
743 4439
742 4437
741 4435
740 4433
739 4431
738 4429
737 4427
736 4425
735 4423
734 4421
733 4419
732 4417
731 4415
730 4413
729 4411
728 4409
727 4407
726 4405
725 4403
724 4401
723 4399
722 4397
721 4395
720 4393
719 4391
718 4389
717 4387
716 4385
715 4383
714 4381
713 4379
712 4377
711 4375
710 4373
709 4371
708 4369
707 4367
706 4365
705 4363
704 4361
703 4359
702 4357
701 4355
700 4353
699 4351
698 4349
697 4347
696 4345
695 4343
694 4341
693 4339
692 4337
691 4335
690 4333
689 4331
688 4329
687 4327
686 4325
685 4323
684 4321
683 4319
682 4317
681 4315
680 4313
679 4311
678 4309
677 4307
676 4305
675 4303
674 4301
673 4299
672 4297
671 4295
670 4293
669 4291
668 4289
667 4287
666 4285
665 4283
664 4281
663 4279
662 4277
661 4275
660 4273
659 4271
658 4269
657 4267
656 4265
655 4263
654 4261
653 4259
652 4257
651 4255
650 4253
649 4251
648 4249
647 4247
646 4245
645 4243
644 4241
643 4239
642 4237
641 4235
640 4233
639 4231
638 4229
637 4227
636 4225
635 4223
634 4221
633 4219
632 4217
631 4215
630 4213
629 4211
628 4209
627 4207
626 4205
625 4203
624 4201
623 4199
622 4197
622 4196
622 4195
623 4193
624 4191
623 4189
622 4187
621 4185
620 4183
619 4181
618 4179
617 4177
616 4175
615 4173
614 4171
613 4169
612 4167
611 4165
610 4163
610 4162
610 4161
610 4160
611 4158
612 4156
613 4154
614 4152
614 4151
615 4149
616 4147
616 4146
617 4144
618 4142
618 4141
619 4139
620 4137
620 4136
621 4134
622 4132
622 4131
623 4129
623 4128
624 4126
625 4124
625 4123
626 4121
626 4120
627 4118
628 4116
628 4115
629 4113
629 4112
630 4110
631 4108
631 4107
632 4105
632 4104
633 4102
634 4100
634 4099
635 4097
635 4096
636 4094
636 4093
637 4091
638 4089
638 4088
639 4086
639 4085
640 4083
640 4082
641 4080
641 4079
642 4077
642 4076
643 4074
643 4073
644 4071
644 4070
645 4068
645 4067
646 4065
646 4064
647 4062
647 4061
648 4059
648 4058
649 4056
649 4055
650 4053
650 4052
651 4050
651 4049
652 4047
652 4046
653 4044
653 4043
654 4041
654 4040
655 4038
655 4037
656 4035
656 4034
657 4032
658 4030
657 4028
656 4026
655 4024
654 4022
653 4020
652 4018
651 4016
650 4014
649 4012
648 4010
647 4008
646 4006
645 4004
644 4002
643 4000
642 3998
641 3998
639 3997
638 3997
637 3997
635 3996
634 3996
633 3996
631 3995
630 3995
629 3995
627 3994
626 3992
625 3990
624 3988
623 3986
622 3984
621 3982
620 3980
619 3978
618 3976
617 3974
616 3972
615 3970
614 3968
613 3966
612 3964
611 3962
610 3960
609 3958
608 3956
607 3954
606 3952
605 3950
604 3948
603 3946
602 3944
601 3942
600 3940
599 3938
598 3936
597 3934
596 3932
595 3930
594 3928
593 3926
592 3924
591 3922
590 3920
589 3918
588 3916
587 3914
586 3912
585 3910
584 3908
583 3906
582 3904
581 3902
580 3900
579 3898
578 3896
577 3894
576 3892
575 3890
574 3888
573 3886
572 3884
571 3882
570 3880
569 3878
568 3876
567 3874
566 3872
565 3870
564 3868
563 3866
562 3864
561 3862
560 3860
559 3858
558 3856
557 3854
556 3852
555 3850
554 3848
553 3846
552 3844
551 3842
550 3840
549 3838
548 3836
547 3834
546 3832
545 3830
544 3828
543 3826
542 3824
541 3822
540 3820
539 3818
538 3816
537 3814
536 3812
535 3810
534 3808
533 3806
532 3804
531 3802
530 3800
529 3798
528 3796
527 3794
526 3792
525 3790
524 3788
523 3786
522 3784
521 3782
520 3780
519 3778
518 3776
517 3774
516 3772
515 3770
514 3768
513 3766
512 3764
511 3762
510 3760
509 3758
508 3756
507 3754
506 3752
505 3750
504 3748
503 3746
502 3744
501 3742
500 3740
499 3738
498 3736
497 3734
496 3732
496 3731
496 3730
496 3729
497 3727
497 3726
498 3724
498 3723
499 3721
499 3720
500 3718
500 3717
501 3715
501 3714
502 3712
502 3711
503 3709
503 3708
504 3706
504 3705
505 3703
505 3702
506 3700
506 3699
507 3697
507 3696
508 3694
508 3693
509 3691
509 3690
510 3688
510 3687
511 3685
510 3683
509 3681
508 3679
507 3677
506 3675
505 3673
504 3671
503 3669
502 3667
501 3665
500 3663
499 3661
498 3659
497 3657
496 3655
495 3653
494 3651
493 3649
492 3647
491 3645
490 3643
489 3641
488 3639
487 3637
486 3635
485 3633
484 3631
483 3629
482 3627
481 3625
480 3623
479 3621
478 3619
477 3617
476 3615
475 3613
474 3611
473 3609
472 3607
471 3605
470 3603
469 3601
468 3599
467 3597
466 3595
465 3593
464 3591
463 3589
462 3587
461 3585
460 3583
459 3581
458 3579
457 3577
456 3575
455 3573
454 3571
453 3569
452 3567
451 3565
450 3563
449 3561
448 3559
447 3557
446 3555
445 3553
444 3551
443 3549
442 3547
441 3545
440 3543
439 3541
438 3539
437 3537
435 3536
433 3535
432 3535
430 3534
429 3534
427 3533
426 3533
425 3533
423 3532
422 3532
421 3532
419 3531
418 3529
417 3527
416 3525
415 3523
414 3521
413 3519
412 3517
411 3515
410 3513
409 3511
408 3509
407 3507
406 3505
405 3503
404 3501
403 3499
402 3497
401 3495
400 3493
399 3491
398 3489
397 3487
396 3485
396 3484
396 3483
396 3482
396 3481
396 3480
396 3479
396 3478
395 3476
394 3474
393 3472
392 3470
391 3468
390 3466
389 3464
388 3462
387 3460
386 3458
385 3456
385 3455
385 3454
385 3453
386 3451
386 3450
386 3449
387 3447
387 3446
387 3445
388 3443
388 3442
388 3441
389 3439
389 3438
389 3437
390 3435
390 3434
390 3433
391 3431
391 3430
391 3429
392 3427
392 3426
392 3425
393 3423
392 3421
391 3419
390 3417
389 3415
388 3413
387 3411
386 3409
385 3407
384 3405
383 3403
382 3401
381 3399
380 3397
379 3395
378 3393
377 3391
376 3389
375 3387
374 3385
373 3383
372 3381
371 3379
370 3377
369 3375
368 3373
367 3371
366 3369
365 3367
364 3365
363 3363
362 3361
361 3359
360 3357
359 3355
358 3353
357 3351
356 3349
355 3347
354 3345
353 3343
352 3341
351 3339
350 3337
349 3335
348 3333
347 3331
346 3329
345 3327
344 3325
343 3323
342 3321
341 3319
340 3317
339 3315
338 3313
337 3311
336 3309
336 3308
336 3307
335 3305
335 3304
335 3303
335 3302
335 3301
335 3300
335 3299
335 3298
335 3297
335 3296
335 3295
335 3294
335 3293
335 3292
335 3291
334 3289
334 3288
334 3287
334 3286
334 3285
334 3284
334 3283
334 3282
334 3281
334 3280
334 3279
334 3278
334 3277
334 3276
334 3275
334 3274
333 3272
333 3271
333 3270
333 3269
333 3268
333 3267
333 3266
333 3265
333 3264
333 3263
333 3262
333 3261
333 3260
333 3259
333 3258
333 3257
332 3255
330 3254
328 3253
326 3252
324 3251
322 3250
320 3249
318 3248
316 3247
315 3245
313 3244
312 3242
310 3241
309 3239
307 3238
306 3236
304 3235
303 3233
301 3232
300 3230
298 3229
297 3227
295 3226
294 3224
292 3223
291 3221
289 3220
288 3218
286 3217
285 3215
283 3214
282 3212
280 3211
279 3209
277 3208
276 3206
274 3205
273 3203
271 3202
270 3200
268 3199
267 3197
265 3196
264 3194
262 3193
261 3191
259 3190
258 3188
256 3187
255 3185
253 3184
252 3182
250 3181
249 3179
247 3178
246 3176
244 3175
243 3173
241 3172
240 3170
238 3169
237 3167
235 3166
234 3164
232 3163
231 3161
229 3160
228 3158
226 3157
225 3155
223 3154
222 3152
220 3151
219 3149
217 3148
216 3146
214 3145
213 3143
211 3142
210 3140
208 3139
207 3137
205 3136
204 3134
202 3133
201 3131
199 3130
198 3128
196 3127
195 3125
193 3124
192 3122
190 3121
189 3119
187 3118
186 3116
184 3115
183 3113
181 3112
180 3110
178 3109
177 3107
175 3106
174 3104
172 3103
171 3101
169 3100
168 3098
166 3097
165 3095
163 3094
162 3092
160 3091
159 3089
157 3088
156 3086
154 3085
153 3083
151 3082
150 3080
148 3079
147 3077
145 3076
144 3074
142 3073
141 3071
139 3070
138 3068
136 3067
135 3065
133 3064
132 3062
130 3061
129 3059
127 3058
126 3056
124 3055
123 3053
121 3052
120 3050
118 3049
117 3047
115 3046
114 3044
112 3043
111 3041
109 3040
108 3038
106 3037
105 3035
103 3034
102 3032
100 3031
99 3029
97 3028
96 3026
94 3025
93 3023
91 3022
90 3020
88 3019
87 3017
85 3016
84 3014
82 3013
81 3011
79 3010
78 3008
76 3007
75 3005
73 3004
72 3002
70 3001
69 2999
67 2998
66 2996
64 2995
63 2993
61 2992
60 2990
58 2989
57 2987
55 2986
54 2984
52 2983
51 2981
51 2980
50 2980
